100
148096139730
165135734781
615647690703
960046794410
139798063303
948033517753
362842359408
735197561101
542362687244
695405496805
87126952196
479322810960
65764945785
1397856368
377043214771
972621241840
53493443416
702351297808
675689756316
938861848314
817807312416
77685585706
583086065565
565023300168
118985395753
56594422830
4465455756
361688307870
587541210785
434926424530
769286661866
828640130855
157256851277
329204048176
238215283680
978510266573
377620040533
2913172615
760864432342
896249619903
28241256634
112433368483
583969437872
22629047420
473053677540
834898819322
236042122
587473503
140027877530
40239582520
884462635045
671332879683
614220415425
824146990332
65387586006
24174816565
437502314394
18407981632
68208049185
10832668836
325745157675
327301437786
186565501592
876202701220
282806522620
502384959436
182260955654
810393714645
1085430528
584497260604
194076484261
905655438325
829285894442
319420662450
312742819126
290503003203
273785570190
258809547153
703221505080
642009362085
39746350540
48190998285
175806413965
23013598530
544517607102
6666242
793869931540
394317405458
230379629028
56968144737
208763956
59401634181
4474816503
137993947187
610927498000
118534587762
462173341739
61954992028
491818247220
622583486384