99
8 17
9 16
17 14
2 4
17 9
7 14
4 10
10 1
10 9
4 3
9 4
7 12
7 10
15 19
16 20
18 16
19 10
1 9
15 16
19 11
1 1
19 7
1 8
7 4
4 13
16 19
19 16
14 20
7 3
18 2
4 15
8 11
9 12
20 7
15 9
13 9
4 11
8 3
20 2
17 19
10 19
2 18
12 2
2 15
11 7
15 7
5 13
14 19
17 20
2 13
2 16
17 8
8 13
3 8
15 12
2 2
9 3
1 7
7 11
2 14
16 14
6 4
18 9
11 3
13 3
17 5
1 2
18 11
3 2
16 11
9 1
1 16
4 4
3 1
12 9
8 8
1 19
19 17
10 2
8 4
16 8
3 7
3 10
13 10
20 15
19 2
3 15
6 19
19 6
15 6
1 20
20 13
17 12
11 11
10 7
7 20
8 15
15 5
4 12
