1973
23 4
45 29
9 2
62 84
14 40
44 48
26 29
57 86
45 34
83 41
37 24
31 58
43 72
41 69
94 23
76 95
86 20
84 21
22 43
3 11
83 87
38 48
97 56
98 60
51 13
69 46
12 64
17 81
41 58
7 89
4 50
94 17
64 52
67 27
83 2
28 76
23 28
90 59
94 19
53 80
69 44
26 38
79 33
16 17
76 6
77 48
49 1
11 59
34 51
52 97
13 16
75 19
14 96
12 17
80 69
23 68
75 5
65 73
11 45
73 39
40 96
34 10
10 92
8 43
34 85
93 57
60 71
99 41
67 59
6 12
53 52
75 93
88 30
2 6
35 91
13 42
77 46
94 55
11 12
69 9
85 50
22 28
40 91
29 21
30 78
56 96
83 51
26 71
43 65
63 92
79 66
16 26
66 31
15 58
73 90
19 90
82 93
75 71
49 79
2 81
68 71
36 96
40 99
83 11
17 74
61 34
21 67
80 22
76 49
59 57
95 44
96 5
43 55
1 67
33 96
68 57
57 27
17 84
54 27
1 74
32 81
96 2
29 50
58 3
75 74
37 89
45 66
1 7
19 91
31 88
97 3
26 13
9 56
55 99
58 38
69 33
55 14
88 1
20 78
15 68
73 13
59 29
54 47
61 97
18 41
59 50
97 61
69 47
60 77
24 33
49 27
95 17
74 41
9 98
3 81
61 48
83 63
33 30
37 69
20 100
93 77
68 83
100 67
42 5
71 53
29 96
11 3
79 19
2 4
80 19
47 23
74 100
61 50
4 49
96 30
65 70
64 36
9 60
58 12
47 25
91 20
95 56
79 61
60 61
87 54
46 37
38 11
39 25
92 18
52 93
9 57
5 61
47 17
37 66
60 96
68 28
20 1
64 60
45 40
86 48
96 49
24 84
50 76
3 74
88 3
53 90
46 38
100 25
82 27
31 36
11 54
21 38
100 74
12 84
68 70
34 100
36 90
37 51
23 48
1 34
65 36
62 22
54 24
46 76
12 23
1 52
27 57
97 36
97 58
80 63
27 52
46 71
5 34
82 30
34 58
82 3
73 79
37 52
91 55
9 95
20 52
94 59
48 15
2 83
12 67
48 86
18 73
29 33
30 39
12 85
18 12
69 49
73 10
5 93
55 18
78 70
18 46
35 15
26 80
25 13
41 70
19 94
9 31
91 23
29 56
51 65
49 61
60 46
9 82
2 37
36 97
85 95
47 7
86 62
41 42
57 36
99 6
3 40
90 100
23 16
52 58
59 91
30 38
56 20
30 81
87 16
9 79
74 8
23 47
49 5
23 56
47 36
99 15
67 42
42 25
81 99
57 8
33 32
32 98
17 97
45 46
28 54
2 56
28 51
3 16
33 18
44 42
89 52
85 63
61 11
49 49
28 55
90 79
95 85
99 7
1 44
57 52
25 33
54 59
11 1
72 24
79 88
24 63
30 2
71 96
30 98
92 80
3 19
38 13
45 95
65 62
34 97
56 58
62 69
36 21
33 91
79 16
86 69
71 76
77 31
56 24
53 89
71 38
46 3
44 31
53 3
40 79
64 44
91 66
12 77
11 26
22 96
37 45
83 86
63 37
44 10
21 1
29 61
83 54
17 91
50 27
55 19
22 53
62 50
93 69
59 37
10 33
4 79
89 31
35 26
93 21
24 9
46 57
92 90
47 43
34 65
64 29
27 16
13 81
53 78
83 38
25 97
72 66
18 43
46 47
14 64
6 40
76 7
84 93
28 9
33 86
85 24
14 94
72 23
100 97
3 24
99 69
16 93
2 36
30 22
1 81
40 10
99 57
59 86
89 89
67 71
54 49
27 83
49 32
37 41
92 52
56 28
15 36
36 25
37 70
83 59
84 51
11 33
81 57
33 59
70 17
62 29
80 3
58 88
57 34
40 70
75 59
45 37
95 71
99 100
8 16
69 92
28 81
61 46
88 51
78 9
93 38
77 53
43 64
73 28
28 38
68 55
26 48
80 91
79 51
31 60
72 16
30 63
55 92
89 87
62 90
100 80
99 50
17 28
49 52
10 22
12 81
35 3
57 29
7 80
70 100
12 12
73 62
48 96
63 60
40 8
21 89
13 20
66 51
98 15
9 90
66 81
17 31
21 99
79 6
33 34
71 74
19 6
20 58
79 65
6 89
39 4
53 69
86 76
10 48
24 90
11 9
65 50
26 6
89 23
54 72
22 38
63 51
84 4
67 100
8 95
50 59
53 16
15 22
97 22
82 4
43 42
96 15
29 57
96 66
40 90
39 80
79 23
61 66
48 18
95 83
44 56
96 82
11 96
72 87
90 66
98 46
27 28
35 92
25 80
4 37
85 96
11 69
72 41
49 39
5 75
86 83
10 70
87 96
95 66
64 17
64 3
75 7
5 46
87 47
52 28
84 10
88 76
15 57
20 4
57 58
37 14
72 59
59 15
52 42
52 15
36 72
20 15
70 58
85 34
81 22
80 15
72 38
45 90
59 12
44 6
49 37
95 58
57 35
11 20
37 7
96 51
74 28
35 81
39 58
93 73
25 66
2 87
26 59
28 18
40 80
82 17
3 27
10 21
3 70
79 47
56 27
93 54
14 87
16 39
93 76
67 88
67 69
40 41
6 55
81 51
63 95
88 41
15 96
16 88
40 46
59 43
97 81
69 97
76 65
31 35
96 25
77 1
63 7
73 9
46 92
9 66
87 79
4 31
52 9
39 98
88 83
67 49
50 61
23 58
68 69
17 61
74 37
15 53
68 44
39 49
42 91
77 45
7 47
78 96
36 33
25 20
96 6
91 2
68 68
55 5
92 33
10 3
86 96
80 54
100 56
54 45
31 77
68 78
69 52
41 41
16 6
43 73
70 82
45 39
10 68
88 73
15 70
88 57
22 37
82 40
50 60
66 34
4 47
82 60
97 66
91 15
68 43
62 95
35 44
10 62
27 10
74 89
78 89
39 42
49 57
31 64
6 86
99 90
36 94
58 19
57 7
74 51
90 40
22 41
85 94
15 28
10 60
91 60
26 66
89 98
25 51
9 12
49 64
9 4
21 35
13 87
46 49
59 19
28 87
30 90
63 72
77 18
23 66
97 73
8 39
37 10
41 76
68 42
59 83
12 29
8 5
97 28
96 3
33 85
54 36
68 60
4 88
49 45
33 43
57 66
84 68
81 27
77 24
36 44
99 23
41 80
52 76
89 66
32 79
100 79
37 18
86 99
33 81
90 46
44 7
2 50
91 7
35 98
99 71
17 55
70 9
30 55
16 35
47 80
29 99
38 34
90 70
38 80
32 34
52 62
66 30
41 21
7 33
61 58
31 55
48 34
90 19
77 26
73 68
63 47
41 94
40 2
76 59
56 56
81 65
62 76
13 19
17 11
42 22
100 57
25 43
83 99
84 80
29 12
78 45
26 21
91 71
87 99
77 15
88 27
34 92
92 34
46 26
7 40
74 73
61 27
89 42
23 55
54 48
82 22
91 63
89 49
85 13
79 92
55 54
7 17
5 37
41 31
91 38
9 71
88 38
92 51
18 17
84 60
20 72
68 74
39 44
53 70
19 2
83 82
64 56
5 7
40 85
56 47
9 63
48 77
24 52
14 71
96 4
8 84
34 5
29 52
48 48
62 43
1 22
43 12
67 21
61 12
65 43
1 58
88 34
100 45
37 20
61 37
5 95
81 76
54 12
92 71
60 66
83 85
35 21
31 75
76 35
38 30
58 18
5 16
8 6
39 100
18 77
48 59
46 59
17 58
18 9
24 66
77 54
92 6
14 48
6 6
84 56
48 6
99 49
70 50
95 9
71 56
16 47
55 82
83 4
34 48
43 33
85 83
59 3
48 92
11 10
24 10
84 34
27 11
62 13
54 15
81 11
25 69
24 38
42 41
64 40
56 21
26 8
41 82
72 69
34 63
43 25
55 64
39 24
12 4
28 33
84 18
53 18
45 7
49 40
77 22
68 49
4 33
29 24
36 86
46 44
86 24
76 15
92 22
90 95
25 12
61 61
66 98
33 45
65 33
69 93
38 50
38 83
69 22
77 32
29 47
88 20
17 49
41 34
2 27
93 87
4 15
67 52
10 100
63 73
69 3
39 39
99 76
77 80
23 89
50 8
90 54
63 44
12 22
15 73
21 65
80 25
51 24
74 18
86 55
85 61
61 56
94 10
87 74
62 36
62 91
84 98
27 60
33 20
32 96
75 95
37 17
12 6
59 26
58 36
69 57
78 27
28 92
8 24
33 8
48 88
41 9
24 97
38 41
11 63
84 64
22 44
11 37
42 27
60 90
63 55
10 41
91 36
21 56
34 3
1 21
65 96
85 31
34 93
77 29
7 45
45 92
89 93
28 94
23 82
62 96
49 24
99 29
28 57
26 24
45 18
8 23
54 5
2 59
83 89
100 19
26 44
7 14
56 69
15 29
63 28
17 26
76 39
75 73
86 39
74 83
17 71
57 20
19 66
98 27
5 24
33 61
60 73
13 35
37 94
58 81
61 5
55 7
10 2
78 14
68 25
5 58
3 56
46 18
25 2
30 10
50 92
57 81
38 1
97 64
37 29
33 46
66 91
36 60
26 65
20 48
64 31
48 24
20 62
93 79
7 58
13 100
5 17
95 45
95 62
41 8
15 50
94 53
44 80
98 32
32 85
90 51
76 48
21 30
28 100
38 93
34 99
15 41
57 53
20 41
74 98
42 73
82 21
93 32
83 47
83 34
1 59
29 13
47 30
60 78
60 4
33 42
51 29
51 85
60 14
15 95
91 39
90 15
67 26
26 92
97 25
51 32
27 44
62 79
92 37
43 67
61 4
29 45
96 1
95 43
19 8
2 94
53 40
97 77
69 60
91 53
24 14
40 76
82 86
10 34
31 3
78 32
84 79
96 81
22 5
8 64
99 40
100 78
74 50
81 48
21 2
15 1
99 5
98 64
26 96
78 92
4 29
40 67
48 98
95 89
57 70
19 46
66 12
77 66
57 97
54 2
83 77
8 18
70 57
15 59
61 95
38 22
78 3
95 55
69 86
28 52
25 5
85 23
6 61
22 14
36 34
100 41
26 81
35 23
41 4
86 26
34 89
32 63
56 13
99 10
77 59
57 63
66 53
24 49
21 77
52 41
44 58
18 36
54 37
19 39
65 98
15 40
1 46
60 93
43 8
65 76
11 94
79 36
85 51
66 7
3 52
70 67
92 81
29 37
36 12
32 65
7 44
16 91
91 19
30 19
9 75
66 2
86 38
19 79
45 38
92 65
60 58
67 38
44 38
47 99
23 45
55 70
58 44
16 1
31 98
46 93
40 14
97 5
53 88
45 31
41 88
12 20
40 5
56 99
61 31
4 20
44 44
42 75
39 30
59 94
83 9
20 86
30 58
59 46
63 49
34 69
13 31
70 45
59 100
78 80
6 14
69 39
77 77
5 66
51 80
19 64
2 24
5 82
58 79
77 68
48 52
50 47
52 92
83 33
70 83
52 18
74 97
18 47
16 32
11 15
29 9
34 8
81 20
76 88
16 66
65 39
1 9
86 89
18 52
92 13
3 10
7 99
48 8
39 47
67 56
59 70
38 27
97 8
90 58
69 91
19 63
56 52
45 82
39 38
78 90
81 46
39 21
42 70
14 77
76 75
87 33
14 34
98 18
41 46
54 66
26 88
91 86
52 70
59 41
7 76
53 61
60 44
90 53
46 73
94 27
75 2
51 92
45 54
28 14
67 43
76 80
46 81
39 95
65 9
33 31
37 80
49 98
72 71
55 39
50 72
15 83
78 63
19 29
29 15
79 8
54 64
52 4
47 88
48 20
89 27
37 72
9 38
52 98
93 4
44 35
23 25
76 72
66 20
30 100
36 88
40 68
22 76
31 73
47 62
62 73
94 52
14 43
5 98
90 56
81 63
57 39
29 78
32 75
71 12
35 5
35 7
94 22
54 54
32 52
71 14
27 36
86 98
14 75
58 71
60 54
21 45
66 86
22 32
94 82
32 6
49 66
29 7
7 11
25 59
78 47
96 80
82 31
67 9
4 75
97 70
9 86
87 39
58 47
68 15
7 90
87 78
20 55
45 41
68 31
95 53
67 50
12 16
45 48
75 28
4 22
53 71
1 91
26 60
11 36
89 51
82 13
4 26
93 68
78 4
65 10
23 18
15 86
64 33
87 8
100 5
36 3
35 13
74 94
40 34
82 33
69 94
58 25
66 8
26 41
93 91
50 48
83 72
52 63
81 86
8 59
38 84
5 26
90 72
61 22
52 77
46 32
26 98
16 31
24 29
49 76
46 98
95 86
57 49
72 4
24 44
1 65
10 95
64 22
38 66
76 5
8 17
84 19
16 68
86 11
47 55
18 19
30 30
20 39
16 98
88 46
53 34
30 28
9 49
57 76
78 51
9 80
27 19
88 87
70 11
32 44
65 23
68 11
63 8
63 6
17 40
80 83
54 98
12 9
21 83
95 18
91 49
39 10
100 11
50 19
35 18
48 63
61 96
69 56
14 37
96 92
87 40
51 28
78 11
48 43
98 9
4 64
66 4
67 64
40 82
30 43
43 56
79 74
13 59
42 92
55 69
7 70
27 68
27 73
34 96
86 36
3 35
6 82
78 62
55 25
38 70
42 62
79 46
5 10
85 58
9 26
95 94
4 9
17 94
77 86
27 17
80 27
53 5
47 72
63 34
33 29
25 38
35 25
78 35
79 26
97 14
63 89
48 17
97 39
19 77
19 84
12 35
25 45
60 36
61 3
44 87
1 95
1 82
11 65
72 22
48 78
87 34
34 14
88 18
88 28
42 45
37 91
70 29
74 13
94 58
37 15
78 85
63 59
7 66
1 84
35 74
14 72
21 71
68 58
61 71
5 100
34 86
65 75
19 44
76 100
72 51
11 64
54 74
69 87
10 43
45 93
100 6
72 14
5 32
6 72
35 16
45 91
79 53
87 51
63 10
66 97
26 43
39 71
88 84
4 95
11 88
96 56
70 41
93 49
37 50
76 37
65 94
11 98
51 44
85 92
91 98
18 11
13 9
81 60
12 32
10 79
56 40
66 71
50 90
67 4
68 87
76 18
26 47
60 32
27 55
26 86
91 22
50 100
37 62
79 44
93 53
78 15
3 39
24 43
46 78
41 2
9 99
35 59
76 50
44 60
87 60
59 17
24 3
41 53
87 92
64 72
29 81
97 26
32 2
27 13
7 77
76 56
17 19
53 23
61 76
36 36
49 63
71 23
74 82
91 100
27 99
73 47
90 92
71 10
81 35
60 91
99 84
89 75
26 68
7 78
82 56
89 25
45 61
56 48
53 76
60 85
61 100
75 94
16 40
68 10
19 33
97 12
75 81
12 56
63 53
34 53
75 90
64 26
70 74
37 98
67 67
55 80
41 72
28 26
58 39
75 4
77 17
93 9
92 63
97 33
37 54
8 35
76 68
41 95
89 50
30 21
78 69
28 24
72 36
82 71
49 15
3 99
66 11
35 62
6 39
49 6
92 4
71 72
10 15
51 82
52 55
59 47
98 36
88 45
72 55
26 30
99 39
63 3
24 71
90 37
4 60
36 91
1 13
97 37
95 57
74 60
9 74
17 93
42 55
82 78
68 82
17 10
78 82
46 20
44 41
93 10
55 27
21 60
95 70
36 35
71 13
54 9
67 55
74 52
1 2
39 91
23 42
52 5
16 94
42 3
22 93
92 89
30 12
94 69
89 72
75 30
38 65
17 18
73 6
83 97
61 17
55 65
13 80
23 85
63 50
97 16
77 47
79 20
61 49
9 70
73 44
66 82
95 34
10 73
45 60
55 46
77 36
72 26
93 33
46 61
42 53
46 5
35 48
81 12
36 41
82 46
58 83
75 6
66 90
7 52
5 84
25 47
10 67
61 8
74 64
23 54
96 95
39 94
64 43
44 99
59 16
16 62
23 36
55 24
26 14
2 79
16 38
44 93
92 32
57 71
93 19
81 89
37 46
27 7
58 74
8 42
2 62
51 98
60 10
35 39
22 91
87 89
18 80
98 72
28 69
22 9
57 89
80 94
72 28
87 28
3 53
27 63
82 37
73 22
58 63
67 10
67 96
56 80
49 4
75 76
35 32
52 6
64 58
96 73
60 45
83 48
43 85
62 35
89 7
84 11
16 70
38 89
100 64
61 83
61 53
65 46
88 63
30 89
14 62
61 2
80 6
90 27
45 15
22 50
27 76
75 87
13 83
52 87
2 13
72 83
27 3
3 100
1 62
71 63
54 3
44 54
85 85
37 60
92 31
32 38
82 38
63 16
3 2
30 20
12 72
30 8
23 1
98 92
60 21
64 71
51 89
20 81
79 75
41 85
11 2
22 60
11 38
86 32
76 4
46 55
29 98
89 59
70 77
10 25
34 56
15 26
76 41
75 41
92 21
67 90
71 93
44 18
14 44
29 25
16 22
35 85
56 82
53 56
4 39
92 8
2 82
15 17
3 22
80 41
68 61
91 35
41 52
96 40
8 90
29 18
24 100
14 5
43 91
18 96
93 3
12 79
5 51
61 21
7 60
57 33
24 34
72 25
11 76
39 56
54 42
66 10
50 33
68 21
76 83
35 77
49 58
92 27
51 30
47 64
80 49
77 63
15 87
47 29
33 83
58 70
30 69
17 12
79 22
30 35
69 78
72 9
44 61
69 55
92 50
92 39
17 39
1 33
76 33
73 40
1 80
90 89
83 30
40 59
20 65
86 18
92 2
96 86
4 16
27 48
69 28
61 88
87 35
15 55
40 94
70 18
13 66
92 97
97 11
94 80
66 28
53 12
42 51
20 75
77 2
4 58
85 20
74 99
33 72
91 29
5 19
34 70
