3523
177 163
101 122
81 189
91 86
2 113
87 34
62 69
175 177
119 67
168 17
45 92
68 32
24 72
165 88
108 35
61 95
56 27
82 91
39 116
160 44
128 187
199 174
22 65
116 38
91 44
198 46
72 51
79 140
105 132
52 176
45 166
59 119
120 73
8 84
52 193
57 152
178 147
76 150
6 8
83 107
62 173
198 174
150 93
81 114
11 188
11 44
60 14
190 40
131 58
21 71
185 131
14 135
117 193
118 146
93 176
140 194
122 114
70 117
82 59
21 183
26 92
80 154
75 113
69 131
99 23
53 69
41 24
93 54
99 121
134 110
134 169
146 55
104 29
33 162
84 134
82 138
176 105
169 51
109 67
119 153
13 100
12 46
87 117
101 22
187 54
6 6
75 108
129 189
135 5
47 54
14 164
29 137
107 70
63 59
161 144
110 141
127 168
77 161
182 37
97 103
154 37
13 64
171 123
17 71
151 95
34 166
191 5
110 200
153 76
100 153
122 132
95 109
194 147
88 41
86 96
74 71
158 173
2 6
159 129
193 103
6 12
144 171
75 50
163 164
178 80
182 176
40 82
3 199
27 199
5 82
12 67
157 8
17 12
131 98
8 125
114 72
151 28
14 73
99 28
21 138
86 158
123 154
112 125
144 97
39 24
108 46
126 96
155 105
151 13
79 105
122 138
107 166
186 160
83 148
57 8
8 190
103 35
111 98
174 160
17 81
68 187
132 195
172 5
53 134
70 58
107 55
20 70
182 33
41 95
105 84
93 114
176 88
31 173
57 35
22 39
45 93
7 64
60 112
77 163
108 148
50 89
156 20
113 170
177 140
49 152
39 107
186 198
5 198
61 83
30 122
102 48
150 152
21 35
80 141
155 125
104 59
54 129
35 191
156 178
68 197
21 122
91 153
153 48
87 46
20 143
177 17
198 14
90 19
180 165
101 43
123 45
75 106
7 87
19 102
34 147
155 139
19 163
88 40
47 46
167 176
169 128
174 18
169 149
46 18
65 47
6 187
191 72
53 52
48 77
179 175
139 52
104 120
186 155
29 18
160 67
47 93
9 38
139 71
55 125
2 182
155 65
58 104
141 109
87 47
139 94
40 117
75 181
194 55
192 23
30 4
55 23
106 24
36 94
73 13
121 45
7 52
158 144
4 116
144 48
64 22
159 175
13 183
65 198
8 143
84 143
66 110
56 56
190 37
54 3
99 31
160 61
45 13
63 172
10 162
70 43
127 146
182 42
14 178
43 118
112 164
91 198
85 167
40 196
35 144
173 40
3 39
154 198
196 103
89 187
182 93
152 105
13 24
136 86
173 82
99 140
29 5
139 138
124 80
150 92
197 8
103 81
58 79
46 47
12 150
162 191
61 53
76 135
155 27
145 131
89 50
179 92
180 89
9 165
162 96
20 123
194 103
39 198
57 183
40 68
55 14
105 134
69 109
50 181
76 72
37 32
16 41
187 104
64 136
148 109
45 160
66 12
169 94
20 152
142 170
141 95
156 88
135 133
177 153
50 35
115 105
59 186
75 73
111 163
146 134
106 182
156 170
26 166
137 14
179 106
96 25
110 33
179 180
149 84
98 127
22 58
2 128
134 105
158 25
10 165
120 141
27 10
18 141
144 41
72 136
190 59
153 175
45 29
88 63
197 70
171 196
178 128
150 158
197 136
179 120
41 155
169 192
151 164
86 174
175 93
171 163
175 131
172 171
184 180
190 83
64 116
114 148
195 23
37 89
8 136
82 68
54 191
150 99
131 136
94 153
139 139
39 144
120 175
83 85
161 162
167 94
104 115
185 136
33 30
67 96
1 162
156 106
85 183
77 155
72 32
85 20
75 198
43 19
190 135
83 81
38 127
178 189
30 11
53 88
17 139
114 118
16 28
143 108
7 199
83 133
66 27
52 18
63 155
42 75
200 119
191 61
174 28
16 1
95 34
60 132
134 45
95 147
35 18
166 100
199 181
160 193
64 122
200 149
28 126
182 21
67 10
109 63
8 148
11 133
122 96
166 4
41 17
40 132
14 115
39 142
61 127
94 83
200 153
77 18
120 92
49 11
61 49
3 119
21 30
36 90
102 84
185 185
77 145
69 7
58 83
49 26
138 193
4 150
127 173
114 34
137 10
161 46
59 157
73 79
180 8
157 20
24 146
131 91
157 166
88 101
3 102
106 82
53 173
81 122
48 43
99 69
143 139
8 164
145 88
30 135
58 50
11 96
12 81
161 3
101 133
106 116
112 129
115 15
35 91
141 27
28 133
121 1
111 176
78 47
67 21
49 10
142 162
73 6
49 187
56 99
69 87
148 115
154 74
92 139
176 59
148 52
92 63
45 7
186 31
62 76
86 24
90 91
39 158
194 52
53 178
92 165
69 152
183 147
182 71
109 2
77 151
174 200
184 104
159 94
184 156
137 66
51 68
35 159
100 57
25 59
177 131
60 154
44 48
134 176
79 191
53 80
178 3
199 190
89 76
55 12
79 46
165 43
167 69
33 121
146 4
68 82
179 136
112 85
196 3
148 79
10 70
152 49
135 105
1 60
22 30
73 9
200 179
60 144
189 179
14 17
50 60
18 90
7 181
23 112
94 27
26 13
40 99
68 171
37 98
138 184
2 173
92 166
27 147
95 145
97 181
152 93
186 120
136 188
175 165
179 22
57 153
107 189
166 86
64 130
76 80
10 21
102 80
138 122
103 52
123 36
180 149
59 20
186 36
197 119
195 173
52 21
139 21
127 155
61 8
118 43
84 10
98 18
52 198
116 128
42 151
155 72
170 174
169 193
49 64
89 72
41 82
162 165
155 46
37 55
194 119
16 135
2 179
91 36
84 160
166 31
155 70
76 162
138 129
52 6
75 195
20 107
192 158
17 63
24 84
80 103
115 155
102 62
38 114
157 109
151 140
179 91
105 16
4 62
142 83
146 176
88 118
142 122
15 107
55 124
93 38
192 113
54 54
144 130
92 12
96 173
22 44
154 105
63 176
63 152
32 185
48 52
99 15
137 110
53 112
158 53
171 176
107 111
60 45
187 135
91 135
63 12
14 75
152 187
133 42
173 168
154 72
112 43
95 170
181 22
68 174
162 150
100 74
163 189
169 25
101 73
29 162
41 153
99 39
63 4
48 127
32 65
182 40
157 167
36 12
11 137
196 86
193 91
79 151
146 37
9 195
60 91
135 185
196 130
109 170
76 140
67 43
9 112
116 26
90 96
183 6
127 141
100 67
36 105
29 56
178 47
164 163
93 195
71 191
161 50
72 185
116 191
88 17
80 27
83 109
186 32
83 159
141 35
192 71
81 186
200 56
87 79
192 135
75 159
5 161
173 139
82 13
135 13
187 16
181 27
168 28
165 94
127 80
4 175
141 185
14 71
133 118
177 199
24 63
20 61
53 76
115 187
154 166
41 134
40 70
135 115
77 166
49 115
184 119
58 188
80 169
140 110
75 52
159 41
164 156
96 71
100 121
58 138
165 136
161 95
173 157
179 147
192 51
69 86
26 30
58 39
176 17
17 37
80 118
109 199
129 53
46 138
20 92
156 28
32 81
188 76
111 141
165 23
116 104
187 62
23 182
165 151
170 54
87 99
180 110
33 45
99 131
129 121
53 35
144 189
95 41
43 58
16 142
179 16
160 166
145 140
184 90
83 197
181 35
27 48
183 69
153 118
137 151
181 57
189 151
140 134
135 40
122 119
159 183
180 4
77 99
78 27
67 198
11 172
11 126
188 72
93 58
167 152
36 133
63 34
13 174
197 102
157 63
90 95
140 114
61 121
74 152
176 18
140 102
72 25
128 100
59 103
196 197
106 186
38 150
146 81
121 77
110 179
94 119
200 4
153 146
32 165
62 96
41 130
110 134
36 175
188 184
137 120
90 100
114 150
80 41
72 9
48 7
86 38
159 55
159 92
26 141
68 60
97 152
133 32
190 28
189 76
13 81
106 104
64 142
180 83
41 174
191 120
86 176
19 94
157 34
93 52
139 180
55 112
189 66
177 115
62 29
41 70
175 21
185 169
6 188
102 136
82 110
73 111
47 23
107 199
98 19
30 30
167 90
54 159
132 125
60 196
21 43
75 126
29 99
165 182
143 72
93 157
119 163
164 103
135 148
106 114
136 60
167 52
163 137
68 121
46 147
169 78
110 15
78 141
30 81
109 149
7 147
66 112
179 26
22 53
20 86
31 96
48 88
111 110
62 184
181 15
131 94
189 152
166 34
127 13
126 98
66 190
173 110
6 145
121 60
125 140
139 13
119 191
37 18
103 170
13 168
17 91
22 152
67 150
27 107
160 121
82 4
191 107
132 145
134 153
107 180
93 154
16 68
70 28
188 160
46 144
176 129
136 66
4 135
78 151
92 31
103 156
92 4
88 183
1 1
184 56
98 129
75 5
29 33
17 115
66 97
103 174
12 132
181 146
89 110
138 166
34 199
161 154
193 53
124 100
46 26
148 148
107 45
166 102
159 100
8 42
81 168
47 188
32 63
150 127
51 26
97 105
144 30
31 88
98 143
83 186
46 81
178 63
67 146
20 30
157 47
115 9
117 158
35 126
119 190
110 60
16 106
44 106
97 39
52 42
168 26
87 179
86 42
177 32
107 57
90 27
47 72
54 66
179 162
116 199
23 58
61 161
120 78
143 41
146 43
128 57
11 136
142 190
124 119
33 143
3 122
177 102
11 38
168 156
87 157
22 49
163 175
53 63
136 34
155 7
159 60
25 133
36 161
118 12
12 34
89 6
193 169
175 174
9 200
172 66
176 141
120 107
194 172
64 117
148 24
117 58
11 127
111 54
53 161
129 57
113 59
8 63
143 65
169 147
87 139
27 152
112 112
141 180
76 38
170 129
74 141
127 136
1 133
87 96
192 6
98 156
111 101
82 127
37 171
44 38
170 111
176 83
31 65
4 165
4 160
109 142
106 17
66 127
83 11
58 116
61 102
157 25
126 147
178 135
4 156
118 14
168 42
4 8
58 115
165 50
163 103
42 25
170 30
111 138
196 156
2 194
29 161
170 8
41 73
113 36
12 163
193 104
142 3
195 89
17 23
131 179
50 159
97 139
2 94
172 49
103 140
72 87
22 108
196 94
62 149
19 160
138 183
134 156
161 188
184 179
9 186
163 144
98 186
153 16
155 127
26 8
177 15
49 125
72 90
36 22
47 28
130 8
35 62
50 47
69 103
132 175
160 58
51 75
34 184
183 82
97 72
23 116
60 185
91 97
128 11
76 107
89 14
9 49
129 107
112 172
149 198
171 153
98 72
26 102
146 40
54 164
116 47
112 184
81 99
151 198
14 44
94 177
34 92
1 84
122 55
159 67
48 117
196 15
35 25
1 21
141 108
165 188
145 154
198 146
73 124
62 121
198 188
33 81
99 153
112 6
163 44
88 189
146 101
92 52
73 47
140 176
30 121
116 164
175 41
127 103
72 83
49 76
108 82
90 92
189 107
57 86
52 28
28 118
84 200
21 152
156 83
33 79
93 77
114 53
196 164
78 196
155 169
47 197
180 22
143 25
108 95
61 134
115 95
109 26
89 11
109 31
35 74
182 22
5 140
128 169
149 132
56 46
98 174
159 46
47 7
112 140
33 61
142 57
82 156
23 68
74 81
78 9
90 3
112 77
3 10
63 28
192 33
33 196
19 47
48 177
136 125
130 20
197 28
175 90
167 56
196 180
55 154
107 133
9 126
156 65
103 143
77 1
77 90
136 121
45 138
176 75
103 10
163 169
44 131
74 69
59 88
123 4
92 108
199 184
22 69
86 109
151 85
20 181
189 79
66 153
110 121
82 78
106 7
94 22
94 23
191 129
161 112
88 30
80 95
76 186
144 44
15 128
139 61
125 113
183 45
8 6
31 75
183 106
176 48
193 5
174 118
35 125
132 6
80 106
179 73
16 198
110 143
167 127
9 60
132 79
175 126
29 12
132 98
92 81
23 5
45 192
10 102
45 193
137 70
149 40
83 163
138 108
116 40
68 191
138 157
27 83
166 182
24 75
103 16
169 46
71 73
31 177
87 8
131 12
85 158
170 193
60 104
158 63
149 166
108 17
57 34
97 22
163 120
108 21
107 44
156 148
10 199
125 8
86 70
124 88
141 106
197 170
119 129
102 96
146 171
143 176
41 152
147 143
79 8
150 42
180 29
96 199
159 12
117 94
4 124
180 10
27 163
105 7
152 20
147 155
173 115
114 62
128 38
78 111
83 112
184 127
68 57
168 39
164 58
100 111
176 76
59 154
198 147
123 56
184 70
101 113
20 114
37 136
130 90
140 108
67 40
133 23
83 26
47 25
161 21
63 162
31 46
165 73
79 153
130 189
76 56
8 27
19 29
47 107
39 110
115 197
76 69
33 134
37 194
79 162
81 111
76 158
59 37
21 141
67 190
122 93
109 179
130 43
132 102
175 6
51 32
124 43
98 200
145 161
13 101
197 14
72 36
197 161
20 55
55 25
77 77
109 27
5 21
27 157
171 174
116 165
55 22
156 58
96 124
156 108
38 170
61 69
145 27
172 59
64 71
100 141
70 182
162 35
74 83
70 167
174 113
140 164
69 197
104 147
137 54
27 16
89 93
7 99
200 45
140 133
22 37
197 125
119 87
147 94
150 8
187 96
96 195
23 185
14 157
196 198
153 171
157 33
156 198
49 24
139 84
8 121
56 182
150 76
50 30
78 15
127 149
197 159
156 167
1 7
4 31
98 9
195 186
11 150
70 83
191 200
93 89
95 194
146 157
118 9
65 124
146 76
188 173
20 130
107 91
193 79
192 80
49 27
27 31
126 91
176 165
145 91
164 129
195 155
172 24
67 171
115 3
137 179
78 90
28 109
194 59
92 102
53 90
88 120
30 150
34 48
101 65
18 181
126 21
38 13
102 51
85 134
166 20
161 156
192 121
58 112
123 148
136 41
129 37
139 183
105 61
186 148
4 26
116 15
181 127
80 98
167 42
185 196
162 22
147 185
13 142
163 6
13 35
10 180
65 50
17 161
37 80
88 138
54 9
193 73
188 131
40 185
113 20
21 199
7 27
158 86
149 61
163 8
9 194
66 191
18 20
161 108
154 145
162 45
99 157
92 41
131 24
151 89
27 55
68 12
21 181
115 157
94 189
156 52
108 187
124 66
199 28
143 64
97 12
144 118
74 150
76 49
154 142
78 32
150 108
74 89
169 124
24 60
61 58
192 189
68 110
69 165
62 79
131 3
45 37
47 136
47 166
34 105
191 38
111 164
42 21
140 191
48 131
16 62
47 120
86 11
134 189
167 49
93 163
16 88
144 187
9 80
83 13
128 52
167 121
200 164
192 90
197 167
66 187
59 50
95 153
174 182
157 97
65 112
94 117
20 15
72 60
108 145
146 132
72 151
35 21
152 6
161 134
41 72
72 153
16 132
171 93
59 116
55 180
172 185
173 144
167 88
18 101
128 188
95 166
167 159
157 7
69 139
72 169
56 24
128 69
159 115
107 13
16 138
41 21
125 166
92 132
17 118
92 113
72 4
156 21
14 120
183 130
124 24
1 82
91 60
105 23
37 15
2 77
132 44
153 34
70 41
130 160
192 97
110 61
117 29
155 118
28 81
196 157
182 3
117 140
183 20
157 36
183 104
170 157
10 168
173 122
61 176
63 160
120 72
4 133
156 86
162 146
57 163
89 127
133 134
31 18
167 143
134 84
146 193
181 91
10 103
144 99
101 181
69 56
3 170
74 194
75 97
187 115
35 177
13 66
120 94
44 55
84 151
194 18
131 155
101 58
136 112
184 51
78 185
44 157
127 19
69 22
180 15
11 65
30 110
21 65
124 194
37 152
125 38
55 3
102 150
134 151
199 100
9 174
40 168
168 125
122 60
178 35
29 111
51 85
26 59
179 154
79 88
135 107
19 184
21 83
36 135
147 140
133 145
144 141
103 179
115 159
66 53
109 152
18 173
17 87
134 165
43 164
142 127
173 99
186 184
169 33
8 40
80 168
63 44
111 12
114 94
87 72
123 145
121 56
160 43
39 147
82 193
77 68
111 20
25 165
2 168
15 91
148 8
50 163
141 76
15 129
54 145
78 136
49 57
49 101
170 200
155 191
22 5
164 60
130 28
45 134
122 63
142 41
104 137
185 195
70 74
187 145
77 48
176 114
106 133
12 4
124 81
146 98
161 194
132 134
147 62
152 196
142 186
121 177
56 158
181 44
47 180
174 137
39 91
105 66
9 175
77 122
9 71
110 125
117 184
163 173
195 57
91 139
16 122
24 10
137 152
90 47
42 150
40 41
2 47
146 20
145 75
130 158
77 9
81 148
88 51
170 121
88 161
114 186
183 187
104 125
34 3
76 4
85 51
85 61
48 134
93 10
174 7
84 21
196 87
121 58
115 195
157 39
199 95
36 97
2 143
4 58
97 166
199 157
105 200
153 70
60 99
42 154
108 124
84 72
48 121
66 198
153 20
197 175
182 130
9 179
46 49
136 196
137 167
164 190
166 27
41 146
63 53
79 152
149 139
92 198
200 197
45 48
156 174
152 189
168 49
9 104
58 147
145 93
40 167
49 158
87 64
197 177
57 129
182 160
161 37
59 84
5 137
188 27
156 18
41 165
75 171
186 78
8 39
171 114
174 52
126 133
39 39
24 182
79 138
49 145
126 106
19 164
155 124
15 70
194 33
191 15
184 105
184 151
100 15
9 190
131 135
132 16
29 52
178 69
189 49
42 55
52 15
13 103
55 82
198 172
165 170
115 63
24 29
91 22
158 32
180 134
54 28
163 186
62 122
177 186
26 38
73 168
134 185
161 131
151 189
44 56
86 99
189 75
200 105
55 50
57 7
153 89
108 123
78 82
181 39
75 123
112 179
125 69
112 28
178 114
58 171
141 88
77 154
123 67
70 115
151 174
131 81
38 65
51 192
165 26
138 19
46 59
187 200
143 187
197 173
95 46
57 89
180 194
63 195
3 88
154 136
65 109
15 177
190 54
161 48
92 75
63 3
149 90
48 148
115 141
19 116
159 47
94 158
190 156
161 195
126 129
74 8
60 10
26 55
200 80
139 95
197 33
168 169
58 118
177 136
139 30
36 40
27 34
27 117
117 74
198 192
157 27
80 54
124 197
140 63
34 37
29 15
106 40
168 55
18 177
56 32
37 146
5 24
20 65
200 25
171 13
95 185
48 29
193 87
79 15
152 121
99 22
110 122
159 117
138 89
167 100
139 200
45 18
67 121
55 164
85 194
105 195
87 40
97 116
44 41
138 17
19 179
66 130
149 66
81 48
87 163
164 152
172 27
57 169
66 181
118 17
133 131
155 88
115 117
10 41
150 23
68 68
36 72
182 193
161 105
133 196
83 131
53 100
41 4
152 100
5 19
58 81
126 186
62 95
34 200
128 26
120 200
134 197
93 92
47 36
52 170
5 61
192 30
190 115
33 29
48 118
11 145
97 38
101 59
119 139
197 37
158 119
154 76
92 67
151 117
59 126
178 115
99 6
73 128
138 13
9 161
54 127
19 144
137 141
109 154
92 88
163 138
190 89
68 29
29 181
184 168
154 127
29 24
49 104
145 82
122 91
10 73
7 60
124 33
14 102
12 171
101 182
180 127
178 134
43 156
190 19
124 109
186 26
147 170
136 88
80 19
137 117
69 112
101 152
103 36
60 153
169 93
192 37
1 167
86 22
34 158
194 122
183 168
15 97
50 119
135 132
143 74
7 58
147 17
3 111
124 190
51 180
117 31
80 194
12 185
183 99
40 59
128 155
128 92
162 36
189 132
139 8
134 85
63 47
24 56
43 185
89 142
123 66
37 159
150 100
193 68
165 46
181 66
141 41
49 19
109 180
128 12
130 178
23 177
63 10
185 148
20 39
91 11
18 19
114 147
98 115
196 181
130 22
199 110
118 48
61 111
93 69
18 114
168 68
186 75
25 180
90 197
6 39
15 186
13 23
178 45
167 126
48 78
13 173
162 115
56 20
23 47
186 39
64 110
49 106
175 15
185 89
192 103
93 149
105 2
182 17
106 128
138 101
29 122
184 121
6 155
93 9
138 130
133 159
163 49
44 160
91 84
130 38
9 180
53 113
183 77
168 71
84 34
106 81
96 81
115 54
133 41
101 195
66 108
94 115
125 159
74 188
52 69
8 141
196 140
156 40
190 159
134 193
200 180
153 128
19 33
183 151
180 106
86 152
152 97
69 144
25 21
127 76
21 167
24 71
191 55
145 41
72 23
99 176
101 27
194 193
108 5
99 49
133 19
126 144
95 62
21 67
22 142
17 18
16 17
27 39
67 103
130 12
127 24
112 9
87 199
132 155
48 115
116 33
170 150
188 21
37 63
23 180
154 15
166 24
155 19
154 48
126 65
177 147
44 49
33 183
8 85
164 61
110 115
179 133
189 89
63 16
143 189
106 172
61 46
167 67
136 136
49 182
17 140
15 36
160 73
139 56
115 183
109 95
87 192
17 110
4 27
75 55
136 44
34 170
150 25
101 109
71 9
193 131
47 29
95 117
125 136
3 142
116 151
196 1
180 135
32 180
160 77
191 22
197 75
55 91
200 185
15 126
171 4
191 13
142 81
112 101
40 105
28 89
16 120
15 196
81 172
49 81
152 36
139 125
199 170
40 141
101 191
187 40
41 158
175 125
118 196
82 168
46 192
12 122
147 99
89 23
60 179
72 117
48 92
88 24
107 155
132 159
62 143
53 56
51 144
31 160
32 96
177 159
91 66
138 27
100 127
166 181
188 12
157 181
177 78
102 37
164 174
143 86
122 50
41 2
181 90
195 68
144 35
151 182
168 58
154 124
189 73
28 142
80 8
173 150
46 92
104 82
163 150
82 11
193 77
25 197
199 5
29 96
129 199
185 50
193 132
96 70
101 31
109 82
81 51
24 149
176 195
116 41
179 36
83 43
39 49
171 134
169 101
181 176
40 79
159 170
176 69
109 56
147 59
17 55
146 169
152 95
65 133
142 192
118 199
62 63
10 123
29 142
25 45
194 110
73 22
51 65
2 59
192 152
30 112
104 79
63 23
43 142
164 65
17 126
196 106
130 39
187 128
125 142
179 177
92 122
43 85
21 8
87 60
46 112
154 104
98 90
19 106
37 24
30 2
158 85
145 160
114 37
42 45
83 38
84 123
193 162
111 194
106 87
50 171
178 48
46 63
28 114
43 33
134 163
28 54
40 90
150 65
164 146
134 86
161 171
4 20
146 26
123 96
70 118
184 164
112 23
197 156
134 108
168 72
104 44
158 112
35 150
149 49
27 160
148 120
75 59
175 88
86 162
23 39
26 72
82 80
102 65
111 169
172 82
55 19
53 118
64 31
63 151
77 2
46 73
192 181
4 149
124 118
155 57
146 178
4 33
157 71
91 9
13 58
63 76
156 113
7 78
65 96
195 58
38 78
142 131
192 118
70 77
190 53
66 51
29 47
143 67
52 41
144 158
65 98
184 62
119 149
119 108
5 46
96 5
167 46
84 193
129 98
87 78
29 109
28 192
111 97
124 3
120 48
31 64
84 111
104 95
125 120
129 153
37 45
134 70
33 172
116 106
28 124
40 53
137 60
79 144
36 191
74 68
83 59
46 105
104 31
151 129
185 79
91 171
143 40
169 76
37 169
31 168
26 88
5 51
114 123
196 102
191 29
62 13
115 1
195 56
72 67
128 98
147 199
93 19
123 22
157 70
22 176
20 98
74 98
19 108
64 43
88 134
35 16
127 79
72 122
190 66
29 149
181 29
69 148
1 95
32 152
166 26
121 158
67 9
57 97
199 17
98 36
110 116
176 168
128 181
35 172
101 10
9 57
50 72
23 189
173 10
66 71
103 89
120 62
70 9
24 138
101 62
13 19
56 169
105 175
106 77
49 31
85 63
66 186
178 37
160 158
157 133
83 172
142 168
26 43
116 56
46 118
76 33
164 133
3 127
176 15
52 58
38 8
56 180
68 41
106 110
82 160
73 48
17 85
97 126
148 136
184 118
177 24
9 137
180 191
37 162
69 182
42 173
96 49
79 165
106 89
52 177
103 53
155 132
18 73
162 95
182 110
80 166
148 86
90 146
83 51
46 110
104 5
102 104
88 157
105 57
47 58
68 15
127 172
15 153
85 24
80 82
116 158
45 190
85 92
111 9
60 136
171 76
105 182
47 30
115 168
156 147
18 129
59 138
92 181
146 107
98 160
98 132
87 160
150 96
123 15
74 108
83 56
69 160
160 54
18 52
76 81
198 145
4 139
77 26
54 103
52 104
109 71
195 144
66 11
169 103
58 136
124 166
20 104
123 18
126 30
195 163
132 167
94 182
159 43
148 98
197 50
21 25
166 7
58 99
107 160
180 163
151 168
16 51
145 53
160 177
167 55
142 53
128 200
115 162
46 178
122 28
35 192
113 87
75 2
55 120
153 40
160 114
165 99
149 157
14 11
50 70
129 193
158 97
45 146
50 148
187 39
113 16
16 39
179 23
121 194
168 114
87 51
99 29
135 89
95 143
135 93
191 163
89 149
68 31
137 87
44 80
47 96
167 38
144 161
187 89
169 55
62 36
188 128
51 131
53 5
175 175
122 143
96 151
28 151
158 87
104 9
16 166
117 76
162 12
50 90
84 198
29 78
98 183
44 93
11 103
106 15
126 60
112 137
85 113
3 100
164 59
36 172
106 61
124 34
141 14
58 170
22 123
138 34
99 5
148 48
149 105
74 97
135 174
123 13
93 196
96 66
171 79
130 155
146 147
149 5
60 178
23 155
48 64
26 113
168 3
22 192
11 2
16 31
23 53
1 146
64 72
17 149
174 73
75 107
188 103
61 17
196 80
24 68
68 183
129 13
96 46
155 177
80 45
125 112
39 186
97 164
60 146
96 82
112 89
20 31
190 179
141 131
82 175
172 126
126 80
118 111
195 196
61 122
122 16
90 151
189 199
58 3
112 120
178 166
73 190
137 21
125 59
74 200
25 151
40 133
127 145
26 168
124 152
132 40
146 61
65 39
87 74
35 139
22 141
152 41
116 149
120 56
76 113
178 196
144 12
164 171
101 107
49 163
133 83
152 2
135 68
49 37
2 187
153 103
163 200
48 63
134 96
132 69
156 96
58 166
71 156
191 2
152 55
10 67
134 32
108 118
157 158
66 35
114 177
168 122
145 95
147 164
102 6
1 65
176 121
70 108
100 6
199 50
73 86
183 189
190 199
21 89
144 110
41 189
167 149
151 176
141 44
45 115
86 189
83 154
186 79
54 49
152 63
70 105
67 45
95 183
112 165
22 96
97 64
175 105
22 63
40 10
169 91
105 51
141 69
52 142
65 144
146 103
62 163
71 10
21 2
5 117
77 147
117 197
23 101
160 71
18 180
44 142
135 43
52 62
148 182
7 40
2 83
152 188
75 130
171 144
76 172
62 136
11 129
123 10
54 2
89 31
94 97
82 122
165 62
134 114
168 43
165 176
76 37
117 109
171 172
186 69
172 87
28 130
18 36
20 158
159 191
14 105
130 159
107 117
8 90
14 77
175 28
106 145
172 114
44 63
25 39
50 133
120 63
195 45
55 178
2 181
48 159
176 200
2 124
89 89
82 153
93 121
120 179
129 145
125 61
61 66
113 97
37 134
169 52
61 196
143 69
160 31
53 123
160 90
79 19
135 144
164 44
1 46
79 174
134 142
189 198
183 34
44 20
39 81
1 32
171 69
124 114
81 165
188 75
171 12
40 124
199 193
126 43
128 93
36 96
79 175
7 184
179 97
82 146
89 193
50 61
19 77
190 137
33 42
57 49
122 109
181 101
145 104
35 98
12 117
63 92
123 25
33 191
58 174
180 183
17 197
198 87
1 134
114 96
20 101
172 183
3 124
181 20
68 133
76 106
181 172
168 111
29 49
153 142
199 107
145 169
115 158
62 8
169 57
121 93
111 59
110 95
101 44
87 33
37 17
98 66
133 46
195 71
175 73
112 35
4 164
177 180
116 93
52 109
137 129
67 69
116 55
45 139
72 128
81 163
74 45
90 172
93 27
198 164
179 20
127 57
155 179
126 24
101 197
51 130
48 6
129 23
12 97
163 109
51 124
23 194
7 24
104 122
13 31
71 138
38 111
179 88
90 170
105 158
110 181
12 91
155 192
64 1
24 49
114 59
32 158
133 108
116 112
112 19
165 83
189 123
52 192
74 99
179 66
191 8
101 112
193 33
17 119
165 75
65 110
42 119
157 141
97 158
155 99
178 4
183 21
52 108
131 88
14 194
116 94
75 187
54 12
12 106
83 41
113 109
126 124
173 113
161 17
199 41
77 29
135 118
38 180
25 47
167 64
192 34
24 112
168 70
74 151
28 76
150 119
2 127
22 199
82 69
154 90
37 91
181 180
12 129
38 101
41 42
195 169
57 115
174 164
43 173
48 96
20 124
186 24
11 115
196 104
162 113
112 16
30 69
107 190
146 187
14 96
114 143
73 62
44 7
26 76
132 138
50 161
30 119
164 91
188 83
27 28
126 181
28 162
176 139
43 12
10 132
192 150
91 49
40 146
107 114
5 93
30 98
101 180
59 62
35 3
64 119
78 115
79 4
70 17
78 162
45 199
180 161
30 63
63 107
166 111
25 158
154 112
54 137
194 80
10 192
75 104
1 102
91 200
89 126
27 111
91 119
96 139
65 136
52 34
82 140
118 47
126 114
100 125
76 100
8 96
195 177
42 191
140 44
90 158
168 144
155 92
132 198
26 147
16 26
152 118
94 69
181 12
99 171
127 63
162 90
86 33
70 145
165 36
178 70
135 181
74 137
119 166
6 46
115 40
177 80
78 192
137 50
61 4
68 18
161 197
5 85
95 18
75 6
63 20
17 111
137 72
83 102
129 150
172 155
36 103
88 46
139 115
75 176
90 10
72 141
23 163
195 49
188 187
102 8
167 35
79 66
137 90
6 23
105 10
90 49
105 26
168 79
138 138
188 145
104 88
67 183
29 124
164 26
22 105
144 54
35 182
25 43
56 13
109 52
169 151
192 19
126 148
194 167
25 2
166 162
109 66
47 110
33 20
66 145
182 142
115 47
140 146
174 94
8 16
38 41
70 21
89 194
14 40
11 146
13 180
139 147
5 63
142 158
135 39
163 102
66 128
167 18
15 7
120 75
101 174
55 11
43 155
20 14
30 8
145 191
139 104
30 100
141 194
16 63
109 60
126 171
40 80
133 186
86 115
9 98
129 156
117 28
116 131
189 125
40 8
115 173
161 136
185 23
49 4
200 78
35 23
109 57
93 119
169 109
118 92
136 56
94 138
5 197
90 37
79 61
173 143
17 189
145 31
182 31
124 44
142 5
134 154
70 174
86 83
181 93
104 171
177 146
89 159
129 25
89 42
30 64
191 60
122 80
134 41
162 102
181 97
147 130
23 128
190 72
47 4
149 79
65 9
172 116
56 100
133 185
97 11
96 26
81 55
60 175
137 7
15 22
174 19
106 39
176 35
110 148
140 79
8 159
105 21
199 92
43 191
138 48
123 42
131 90
195 9
27 144
128 94
80 125
28 38
81 160
96 92
75 119
2 156
144 16
171 89
57 196
39 52
185 45
132 81
120 133
110 10
50 103
61 100
64 40
10 121
178 11
75 94
7 180
157 76
93 17
42 105
112 56
167 171
47 13
150 60
96 196
115 50
82 186
18 162
91 23
154 182
114 160
154 47
54 144
66 193
146 41
78 175
25 5
7 77
67 4
19 46
103 129
68 61
68 78
17 99
37 46
107 76
16 70
14 87
72 38
139 99
186 18
191 183
192 127
