7846
95910 85600
1974 79903
56451 62241
74994 52818
28276 92962
69641 45004
15233 48106
91452 8370
97391 98472
5582 9710
85877 9618
2157 32581
78236 46897
52977 83580
23156 23489
22054 38433
53936 48562
24916 77551
29245 9237
52267 95677
3578 73029
48775 77831
31560 97121
10315 58087
77600 75878
57439 55034
4745 24793
17852 47034
38642 48821
97043 65595
4255 20712
21551 51184
22398 24372
64689 2270
19720 86095
50767 42300
13796 52001
86861 33446
38155 40416
11556 57486
46646 54049
84123 42467
42610 64303
42662 53014
33578 63707
32648 94613
54523 41032
88808 79533
37795 9577
69925 663
6445 39566
43865 17447
55077 205
25850 52643
80252 66113
52746 22620
829 6218
51881 86294
11400 4765
50924 16624
96419 91721
51050 87247
36317 1676
76852 6737
69228 32298
85614 59461
18953 87700
87650 44064
17394 88354
72422 81379
73142 71653
15151 79602
95278 84396
93039 44986
74571 2976
27880 29194
52865 13988
48667 63185
87735 21532
7255 65846
43963 66137
2806 47508
50224 41890
91229 47934
91679 11046
18790 24715
34987 17291
51473 70486
62711 32105
79961 34371
54834 85218
27575 99107
58419 13302
1441 69593
25108 82646
90117 41201
11669 95627
75782 31960
47186 41777
57050 42260
83013 51481
25486 25718
62792 99360
85984 51191
69196 63556
94344 10435
7272 52804
24911 15827
91096 44924
33411 19988
58080 10566
43165 91862
71059 30519
66642 56173
42164 36177
50680 87062
39378 32820
74761 32506
30253 70161
54981 43422
53678 53882
44265 57465
9328 53587
20102 74736
7880 41592
74077 80396
66349 1046
71103 88701
68723 86948
4005 40797
68047 4518
46808 9503
60194 53271
68090 90819
44755 17979
23565 93943
44043 48975
69161 52956
59885 56231
80359 65060
59412 62529
42467 84190
48044 2055
71855 87819
40937 287
62016 20639
6033 40807
22041 18421
61628 28942
60529 26553
3337 26867
69107 16057
910 78739
90880 62564
19906 62182
1426 59766
69912 31320
88893 60210
23122 66509
41315 26352
98576 31277
37599 40071
26500 44738
64837 91237
72726 24506
76834 26758
29241 33046
34355 58050
95293 80396
31722 66080
77224 10182
84745 2927
72189 65466
89022 87469
98014 84873
60339 48494
40264 46825
51799 42695
16021 24952
18916 40015
91220 12047
64402 99647
62713 62866
81046 26118
94694 55958
86400 66750
74932 81827
24896 82821
9234 69404
33046 3305
78199 70346
59493 65270
50899 65380
72773 99299
98759 27294
26816 98303
74811 61491
53714 5779
76456 67692
95048 36088
22235 19585
63145 86895
24620 22417
39461 20003
66517 17968
65368 10624
78919 21195
36883 87022
98333 91928
99466 2812
69786 28868
27556 9896
44257 89363
29919 30917
79562 48075
76616 39423
44900 9527
58262 41067
88339 25936
378 79847
14714 7289
22818 86258
41577 29915
65777 4630
85837 57536
22496 48551
32933 13483
14949 12879
91087 35205
87037 7129
90088 63540
73561 26046
6206 42128
34243 70459
68463 54853
52356 49858
98705 43750
20775 8725
18232 41785
15632 56756
56452 11269
17678 30741
2755 45257
20457 74783
73093 20894
49768 22803
46380 49963
75691 82823
3078 26751
65614 85732
34341 36291
1662 51062
35710 8238
95105 28848
91747 65798
6882 77411
44556 19610
57242 33228
84460 70779
6789 72936
23170 12311
66492 49965
38847 83859
72679 80962
76197 50850
39015 70254
14871 32338
55437 57532
96364 87244
19666 36053
12676 2320
2565 42736
51326 13698
77527 34949
97720 29894
98665 46568
12034 28448
37613 64
3507 44933
1072 19156
42556 53076
62333 81619
74840 84717
5251 83885
40247 24625
47639 20414
51149 81348
27163 57957
58994 87003
77694 2860
72448 60847
37768 15504
76845 70091
13761 49982
39594 58943
80314 66349
26540 4879
66371 2213
70729 27189
84109 69037
74076 20038
95047 64517
37946 24347
17711 12785
89128 59826
64279 50874
30875 36308
30096 70126
53809 64049
50968 41071
96876 4669
79632 24076
80701 75063
23646 48492
46356 14786
26216 7532
3956 39265
39635 91161
57337 54679
20314 68219
7891 78897
14469 89842
65192 13091
96721 10645
40727 30155
85835 31977
36846 56659
44607 25627
81105 34016
44915 53559
80503 5866
99486 94224
17520 81727
8900 5815
81532 17525
31861 12640
88050 8181
41824 79546
16701 41905
61793 16688
37364 66139
90314 17094
76758 48490
77995 26408
94986 58630
59254 14002
1597 89437
12747 73845
34695 29426
44761 28194
10947 30679
13116 48041
95611 59937
29643 41556
37374 58254
22229 1647
31241 60712
33147 78970
81357 41236
52726 56653
94992 67197
1002 92806
67492 59108
4078 22180
67615 21497
17265 28510
30557 92171
66189 92079
69153 72848
54852 94569
97593 23296
36755 30488
2288 50240
60617 19597
48375 93932
14922 16816
66631 72888
5677 51225
97383 13929
51076 97358
90941 47276
10371 63900
69459 61088
57803 92223
97354 98512
40854 5866
57246 24960
28660 67737
91162 6350
88983 55652
90584 18105
92330 8378
12454 61634
5684 20300
22747 81022
67473 79511
21873 37124
79256 79624
9814 35326
90643 35481
21152 80196
6185 9050
14304 15198
74022 79702
93738 16784
56839 63567
42616 13031
78565 79400
59535 37243
13858 23746
12761 7284
94963 15278
97762 37076
27184 24856
6695 51353
41826 26455
51722 90758
94735 79805
88639 33685
27022 40449
85861 1408
42402 62877
92473 97812
59878 3720
72184 60903
38075 57319
24768 8389
1734 55710
80438 90072
88776 68529
68612 86244
6857 68097
98401 78162
37665 25484
38746 38604
5258 99515
70570 41957
76621 13254
53158 22542
96730 96785
86815 66326
60443 22019
12577 91035
76940 43114
69130 80530
89833 57991
42464 66632
59142 64783
18924 79088
18628 39599
55801 54302
46288 25093
33901 64783
69186 16429
45234 5370
50595 86944
72834 90003
2569 77825
14504 40713
35769 60509
68755 50833
80664 35422
77190 2640
29366 12272
55817 74066
29494 98697
87091 41735
15822 89142
34047 52759
8958 73603
80080 2906
83283 66195
39664 51815
82928 90878
90289 60926
75912 79937
76176 34083
88526 71824
54161 52878
53402 30910
44888 13721
71505 29257
49746 62132
36432 9726
62226 64765
76763 52049
779 15991
35660 30385
55395 57338
80594 42225
55346 35315
22238 80474
9635 62582
87684 25302
51568 68435
50667 36040
82418 73129
78766 31617
76335 2133
29742 94725
3010 89303
76349 64484
72610 71467
31630 36464
49626 91459
32998 17146
90601 61485
23537 85520
41916 46826
79679 79804
85194 29659
26179 92580
87087 25251
68579 74636
60291 30449
90786 86998
89556 69709
78586 66018
45198 94974
46143 1161
97837 50945
83477 37515
58721 74140
5276 3972
82591 57200
84311 41478
5704 14679
80623 61169
16221 10383
40039 81681
81961 28754
64492 24566
92296 98434
10175 12377
46311 69994
35610 12766
44958 23416
87936 53286
61266 36531
97588 40387
37339 1790
5776 58450
77320 64672
82822 48605
22833 70943
30474 16668
66017 12699
59066 44510
42660 81736
46889 55278
11368 55879
44271 16273
49917 97841
39756 74706
4188 66724
8449 80377
1543 29240
61987 10515
92059 16338
39704 93125
74730 45480
75992 42535
7011 94676
2519 65287
66676 46113
37406 39439
2850 84371
4567 38486
64502 98578
44945 44554
75960 94058
8800 61331
41327 55671
18287 68846
78602 70952
8100 37170
44199 47839
47611 7316
49984 86128
93636 34090
13572 37095
44975 93107
7938 35027
52439 20652
50984 46408
11744 88041
53329 23498
60003 31372
15197 91468
85768 87868
89672 34541
44812 98231
22847 49767
82448 24871
47433 55042
31066 70123
28559 62243
35049 57211
50911 99278
59644 30182
97189 3673
72587 39013
92506 65528
26163 5589
65439 19998
75794 91515
49845 29460
13497 85152
38564 97841
80297 43422
70068 55131
51813 29824
16950 21896
60202 66728
21771 38086
26190 74159
25394 54972
25259 72262
81515 88735
39670 2336
78967 31038
59946 35140
46661 41302
56365 25751
44048 73915
69279 41415
16499 61898
59756 24086
76958 67850
23226 86941
84001 27090
18182 50221
57495 37652
90806 79497
90756 59378
39153 71128
91007 93400
10488 34983
62558 10870
22104 34498
34269 63607
94855 86388
66629 50848
96274 78308
70290 69492
46015 53753
28626 15324
71234 7378
46881 79648
87139 90132
56044 7
15710 89672
44160 31677
96445 1934
77068 48719
29389 51649
23048 10757
72606 66924
59675 93859
35903 61685
89121 47936
28376 78742
99095 65851
75592 17497
72199 72344
42905 70340
62730 87440
11255 97476
44793 96103
65247 14188
6490 53746
13627 76052
99195 1071
15965 34023
5236 37113
29921 48460
75176 19105
66855 60289
27134 30696
48283 82131
22519 5359
44439 30062
36948 85881
81579 48777
18275 25006
55092 56543
43110 83284
97928 99212
99653 80785
96341 61488
72246 79186
66426 11647
63062 19069
69790 30837
99676 55678
63571 60807
31122 68388
43650 7548
91792 52929
67020 77540
45444 98782
76410 73380
48126 63282
68567 34759
30648 64877
335 98704
72880 79826
39474 80367
90967 1
35447 25054
43551 19028
2509 12712
108 62882
5883 27456
14764 48068
12381 27946
93760 33290
32710 96122
89112 14889
25776 11724
33593 84926
7447 18458
19834 19692
83117 28569
2662 63763
6972 21251
60941 37141
345 83311
29155 64230
36980 88506
75417 35237
57482 83680
32656 11327
12214 16017
15907 74298
16875 58913
2752 37500
78054 27610
55545 72980
39546 26081
8004 9311
73290 64093
57521 64673
32189 32475
34516 87094
53055 63706
9367 25494
92887 11521
10050 43159
5421 41689
66385 32489
47458 22388
96007 92640
68725 20920
80231 52218
15695 72841
61636 65282
10030 90172
86784 83779
55043 70250
83670 61495
24962 68513
2216 61739
19832 42347
54495 47164
82660 83050
72465 83543
84829 94810
2238 76022
64718 72409
83441 74070
60366 34427
69103 39731
42365 79843
43283 72434
93025 71533
11157 11439
19812 22771
93156 62106
72144 36835
76418 3838
60222 46044
60192 85189
95856 67173
44303 65236
74318 91396
91737 38145
76643 16192
72636 5305
66276 64961
89053 28756
73697 40758
98253 68614
75939 36495
62076 74486
48373 56110
98073 65006
56824 85263
77441 2480
90283 37333
98197 59498
72727 5546
38406 71046
47834 6013
97257 23489
17862 51413
94197 53979
59910 1315
57487 75899
97715 13705
5074 14352
53974 50330
9893 20427
48858 38736
46793 51899
74383 4197
57786 52426
73136 29912
40988 31616
91659 65040
33255 51450
42812 68267
72536 22660
85986 72357
19123 20218
31682 95193
60070 35675
24520 47697
48425 2432
14793 55546
43368 6270
15015 35796
74010 89982
50932 28605
38811 62958
76165 48499
99101 96100
54088 72514
68426 95872
35743 58669
83675 43512
65396 20981
56730 11408
62660 55375
94537 81936
87414 53152
4972 66123
32760 6767
86581 34015
7901 56981
60794 91786
81207 50310
70180 58634
14958 38290
46513 79144
39088 11134
41385 85817
88315 3215
35178 242
58540 31164
87804 41333
148 26648
79555 46127
47837 58089
46852 44053
10181 52552
9107 78587
15722 80821
56222 57639
46364 66628
25222 58192
82688 71938
1802 26313
20224 96067
24063 28079
79195 858
29403 30837
47581 30466
14588 63012
83165 58075
24968 43472
29868 78903
52152 97777
22230 79300
58202 47381
37218 11801
59981 33867
77074 56671
3842 32075
10905 42975
7095 52543
17743 22449
91789 46351
81362 53484
21228 79801
51385 47620
18808 61046
87174 65377
87121 16924
74245 86672
44861 49651
87826 60876
64760 43939
73976 58573
93628 61133
12961 66169
11502 92799
84498 14007
28980 16674
94510 77564
13853 87134
19784 67721
41893 48038
66602 82800
72671 92430
87584 93091
55659 36157
41350 97527
36588 43354
54429 25728
90489 15987
73322 98514
88802 33386
9370 13104
97497 51954
32792 54290
22444 38883
9690 38847
95836 67318
2535 2889
10307 34711
23871 78880
52400 12197
88379 12461
27639 36491
70706 67653
40546 66776
80146 69990
51037 50629
73152 75784
98168 27616
58212 34847
34403 28609
16249 83787
65065 32998
2647 7539
85640 59567
94562 27090
54202 12979
90231 71573
75095 87446
15260 54546
78863 81693
64155 52915
62618 33334
9718 60416
32739 17316
5862 7480
65407 45520
71654 44410
63479 90321
48781 24972
40496 63710
37848 3478
60950 71308
90209 87638
21126 64030
88325 52207
31228 88844
33961 63947
93912 31708
42374 54218
57903 83281
28848 44005
32701 17981
79997 51428
78414 46768
68240 78441
91970 32084
18632 27265
34505 67641
20911 13412
46882 68980
94302 19476
99358 92336
17300 35056
22779 13863
15303 68529
12577 33749
87224 75056
72662 60829
45268 47739
17709 56463
7165 37121
34250 56757
59713 46659
64828 39314
26521 4775
1438 33244
13167 50652
63912 94851
46790 10994
27417 47816
79171 96075
70119 18166
18723 81256
2259 4466
23639 20758
7933 3959
72704 51820
11240 54541
56685 59268
49799 71817
61716 51504
47623 95785
79748 84748
30837 87698
28467 12948
91535 77675
50519 89713
70136 13679
68101 94382
65952 61420
43272 92154
55872 87740
86883 55102
72464 49348
42936 73213
21518 61581
31892 18043
18634 40107
74947 87273
74196 964
65159 14585
51642 78645
57872 16328
6755 18065
6178 11604
85244 78709
50892 6485
73752 7919
19794 64471
17975 38893
82978 33463
8758 67032
90561 39617
49939 81830
77377 4916
70170 16193
9205 77129
9072 87151
18960 27470
54452 71203
85801 56101
84711 79338
62978 38603
93479 56974
24536 52719
62859 8495
70640 27020
86271 44911
72635 46782
39905 58651
17505 61982
38806 21419
21043 44126
87086 45927
65746 371
13499 80621
53783 64818
13096 65139
42573 37903
85893 53949
34988 37083
11659 22678
22978 37052
8074 55337
60385 22279
73138 40183
99404 48609
86287 58124
92518 78612
24821 583
57708 56124
70208 4827
14007 92299
7881 83451
44342 87441
48106 42345
53645 19093
22593 56077
80474 72901
56037 61823
91192 63419
66077 7277
86562 9188
57729 62993
39555 96372
15374 5285
32280 61827
56049 26646
76976 93259
56288 31612
49907 2560
82776 40321
35937 31352
20769 34747
95359 88987
21532 43698
87771 34144
71580 9387
49986 6584
42620 37501
96696 7731
46314 91960
33464 85044
34142 57942
3242 98260
19934 6084
23743 48755
51956 16040
98871 46720
54753 41255
62120 43776
35045 90313
40125 13888
55937 10741
56621 16828
17423 96638
41583 82264
63060 41132
29364 15971
69044 78256
3628 60714
855 86948
70425 25162
88488 95738
19539 10588
92053 17277
62972 41571
24129 70347
41677 4678
17182 29871
69471 78079
96364 4258
47140 43444
29914 85948
12857 17623
95337 36214
4173 70482
87866 72128
47695 74035
76276 65237
26992 13568
20272 43667
16450 79384
57367 19864
99030 98211
69624 35453
88460 66891
83381 11301
40635 14831
46129 92870
13311 32564
46255 6617
98126 40702
8864 16162
15087 5136
76140 22734
36147 30499
99734 45845
60839 43542
22150 83971
97531 36306
93287 93998
64864 4672
4532 63869
83058 52499
91173 82008
56931 50907
98253 24518
69884 15272
14898 78168
51858 8107
88630 56830
62489 19635
6921 41794
71280 6769
11460 40223
19336 60188
53561 48283
87400 12600
82271 70719
18668 23814
40827 28147
95922 12762
51146 80041
74133 88977
76204 30404
80908 95865
13102 97376
13511 73413
90695 15634
33302 20096
15628 54838
12583 76069
62790 5771
28497 48933
32719 30525
89837 78752
3184 39070
44429 89807
38558 74419
82880 25498
58191 15279
92383 18681
85761 351
17124 87597
98082 48068
22634 25198
73672 12846
69094 40855
12405 77398
24116 1856
50955 30561
16216 78990
39453 28805
99986 83538
98966 95139
97926 50627
50991 57529
47578 26183
74247 15321
33309 74845
93872 81460
60572 40524
23774 77650
8282 45891
4068 91032
88105 33184
53567 76288
90584 59968
60582 28071
59224 60803
38117 28956
30994 22068
59047 15548
21742 19466
60974 85898
69861 28623
54238 76150
19087 76496
41463 8762
22118 26055
53716 44106
75714 30640
99701 9707
10627 9831
43472 44487
82366 89434
32947 59543
67248 68127
89131 66494
65230 82081
22843 54764
19793 77923
11442 2425
49706 52728
8848 15448
71182 19542
97663 73228
60208 48806
86064 41747
67834 42000
50036 97759
7254 7911
48704 63119
2456 69827
44668 78733
23324 50481
43615 49353
42528 65400
93526 63100
25575 71080
29261 16069
12331 81352
22718 84511
21088 43415
48124 15240
47661 56057
73079 88855
98368 17255
78502 96216
64245 94274
77254 73161
640 99808
24386 35479
34539 79904
43047 25829
94189 84876
15390 854
54109 84895
30617 43823
11717 10193
48105 65400
62742 32585
11194 14722
79379 83575
2350 25125
89898 92018
50356 90883
5520 74809
60040 6010
19947 4207
19270 36108
42036 10872
91034 38790
58707 13738
25943 21392
27896 74855
25231 50865
27596 44704
86578 87870
80351 40568
45881 15242
38829 38024
42608 86536
56178 34913
4662 7949
30523 22622
81949 48598
56720 95741
6013 35568
15702 38174
67534 55803
79088 38383
87489 90349
33258 43766
92751 38546
65128 53900
58582 12785
33766 53210
62968 17843
10575 98215
78804 12654
54956 16994
42 52562
20468 31779
33378 39774
69167 50721
87118 31350
15950 64368
88881 13491
72074 60845
72970 8695
55972 62027
55731 92736
89044 49234
20767 2927
10305 9026
74360 22667
64405 65082
15994 9956
14513 8857
49837 5232
95628 82064
24841 22374
51987 14344
29330 39753
55615 88533
40608 54968
76403 99102
48887 88948
61952 25436
94102 91943
65089 73272
22212 85623
10936 31936
43965 36988
31502 67269
46393 23932
30279 32427
63008 71556
7951 10347
5139 79547
33087 14681
67683 28307
24138 68522
13870 53593
27804 18956
55886 25315
78099 88971
69201 18621
8077 54609
72614 4874
37886 5699
32689 49584
55749 16503
51249 66428
34390 25675
15573 44537
30963 90954
52779 84850
17654 90854
35633 44210
72402 38562
72173 985
24402 69799
74609 11195
93058 80116
23574 73241
72120 33333
25799 36993
24915 10395
23808 7042
56392 41833
19082 46327
2989 37979
32920 86529
61907 88091
34865 42700
72233 41196
57528 32093
47507 49978
97087 48633
45555 86913
74358 13838
26682 8846
80208 6921
8691 63480
24465 65454
31394 58450
25552 98493
35228 50453
55363 61118
19137 26407
20661 64817
70394 37972
41712 87652
16797 90033
33133 41931
96045 70560
3914 68543
87375 37641
17859 66186
59002 79483
25673 55849
6254 31027
14420 34859
37542 51551
23117 3028
34041 46536
13200 15753
72941 25780
34778 45235
85033 68162
64126 24224
59695 48166
9872 28625
2319 43609
6886 27152
68152 70449
2761 40305
57027 37163
73238 78073
23829 42298
70239 4824
15582 92247
16175 64165
63828 34751
93423 48580
51662 85408
40664 37910
8518 28792
86411 6515
8820 7786
50402 56553
71927 7959
94461 74996
62165 11614
78151 97140
50649 37610
97111 65823
75093 7308
48078 17628
82498 3979
18729 58356
82254 16009
23223 95912
34336 83725
57416 21668
74017 18418
42022 80152
90221 69035
52464 36263
74550 29593
52739 97829
89957 66020
48347 66385
36294 71189
23119 86516
95636 17412
7116 78165
26774 26200
74660 82326
91216 16851
9597 70393
1934 76686
44790 37514
62801 93291
9040 17853
84445 27548
33716 17640
90216 77093
37338 64738
36134 23615
83402 55422
27996 99173
27661 71066
57090 1372
92672 78785
40331 74679
65002 36501
60095 12407
99356 68948
8335 59974
9036 23391
19871 41685
61845 86067
4391 99222
28888 98297
10040 71429
56489 44693
69862 21013
60021 76878
34080 98686
36715 70840
6941 68445
98318 76529
16161 6211
45516 85114
27929 84932
17091 86198
35405 48740
8010 57278
64936 83847
20810 4132
34020 43670
80505 52672
41463 23434
46781 96084
86087 27749
49678 734
5847 17684
60890 8891
90453 82139
3261 30934
35676 53786
68382 40748
50078 32646
78208 87335
84791 66083
2976 45696
75378 11792
54242 154
4194 76547
99945 37841
20512 90085
69435 78622
57957 11205
33161 11910
31200 57680
40623 5101
39750 65061
10077 21601
39599 38307
59570 75486
45308 31924
96182 91433
84048 19891
95074 95817
8717 16058
83331 19603
1771 73930
23742 90139
2664 4487
75782 72443
78997 19377
15077 35361
99896 48233
40127 87600
90920 55389
66175 36871
93122 33373
68936 32034
80894 28023
41492 2006
32489 53006
66725 90936
78458 12754
39673 76248
91283 20073
48366 87620
17216 71474
53514 58459
22374 840
21725 57261
75288 29744
7218 40490
7090 12972
47478 25415
1792 58872
459 25567
7262 46584
54265 72832
23455 43091
54641 93391
4880 57236
14229 96303
729 78025
4900 91774
51697 14739
8249 75552
36939 17783
76567 76764
99308 79787
58161 48131
1744 51844
66177 39224
21082 96738
50424 7153
24376 59676
95120 46056
15939 57476
39807 71384
37246 41018
54711 22667
18897 6838
93182 34693
17241 94797
77982 21586
96069 14358
30306 96850
27226 18947
70806 44345
7401 58946
33824 90946
37717 97091
5029 32963
33241 53958
7495 77204
96305 55561
53604 59783
88894 33418
30097 78331
34127 76515
84981 21635
9270 52968
36069 70481
68218 36512
71811 16451
62852 98269
5847 36246
1113 74462
49301 32553
87829 37777
24212 30097
83144 87816
84897 48612
87663 6167
13909 76482
52862 79489
92000 38204
45020 63191
51341 53731
12616 92142
27105 25779
21997 79657
62912 94209
13907 2108
8467 98983
94757 83670
43964 43486
66146 67334
44146 45878
49369 39524
76414 83465
27843 3518
48988 74476
7915 55117
81242 58994
37249 30376
13916 88112
45384 58000
1909 95666
25240 74659
87719 86149
54984 79519
30960 86207
92274 96270
5098 20636
41823 37918
75017 71749
6295 98445
51709 99161
12548 76103
82579 16789
52681 42260
24412 21604
1859 15154
89749 98881
31073 680
71299 65462
26629 79405
89641 895
36543 71959
52722 43217
10243 44985
66154 9745
40864 91930
96688 43557
40065 61173
45592 54118
63661 47898
69375 18888
14381 63829
47676 71191
8663 29903
68481 46263
73426 94813
42353 37142
84707 31681
13540 97047
90889 72793
96408 73777
88435 2350
32731 64935
66363 95302
39317 48296
10883 48633
13877 17740
63497 23381
60538 89716
75693 1069
65402 80859
38264 75732
44377 7547
43464 89942
8896 18082
48698 58019
76361 76815
74110 12521
99723 47251
50720 88648
51598 52369
96610 74728
4462 6136
92122 75314
82383 71187
90902 82950
52953 16556
73533 36185
79038 11635
10137 26009
62647 11180
13933 63246
91164 43694
33563 85720
99013 75502
57358 4297
60028 9962
54025 15639
37637 95638
49170 9347
86104 46231
5037 71371
51230 49408
79131 69488
94846 63420
85419 78108
33466 81981
73769 5793
18858 70171
59340 50846
41468 93010
89106 59641
78619 58694
3703 63740
99860 69610
97125 71038
66205 25
77316 55023
1674 18200
99187 40497
76326 51971
79103 20757
77709 47393
48419 25246
2226 59414
71462 30122
25726 50234
30945 58560
19046 26640
35924 82519
69804 54833
8560 51454
15933 45684
8890 81570
48803 28651
93298 9199
85322 52532
78538 26848
30153 77076
49933 78841
69804 8258
95207 7863
89729 90990
34346 51461
31001 80265
72282 42722
62258 47801
17727 31418
1403 148
47642 82025
1085 42790
41741 65540
37669 39909
43524 84062
46789 70307
49630 26443
15227 71957
52342 44364
24541 99641
44124 35853
80612 44447
17056 4960
3952 79018
96401 85401
45250 49151
87331 34509
50947 11150
25396 78691
74698 65774
605 25051
86163 3008
17580 52361
8600 39568
46216 9670
38928 49298
1164 16226
91559 67605
53018 44687
74139 60660
72981 20627
83286 62803
6993 93633
63531 10298
60944 13069
24495 52818
85454 38359
87009 49857
27941 41506
43592 1503
94873 60523
72791 65202
88868 35372
45465 29009
17820 66358
51792 93927
32507 31845
46516 46525
63698 38715
82010 17396
59129 34750
11726 66529
30553 52135
90040 44596
96045 54613
49851 51626
69913 67079
86356 15099
24968 72535
76834 31966
88822 39658
17957 91871
14183 75782
33831 81817
98001 37213
63382 34040
75467 296
4549 72194
69686 91233
5675 99581
95259 39650
56351 97929
98163 11006
85724 21304
62499 67470
50577 99252
25428 53153
14804 44765
430 28844
1685 25731
51278 86777
7807 57469
47281 68711
51859 87732
81925 99135
65290 95
98106 66237
44437 76724
96032 66263
52112 35125
91060 73630
27432 44921
32436 59770
53929 21823
82680 74119
42838 10314
38005 61216
87387 59262
83377 52531
39448 42317
7288 26161
44580 78499
47844 59931
92865 63124
57601 57284
15223 80878
5324 58498
84251 52465
87786 78710
50788 22421
43804 36211
34106 50887
12205 12786
12504 82805
36097 67400
25070 66717
87734 89134
49788 66184
41163 95029
76090 65803
34416 63506
86596 53607
87734 20597
99304 62680
8151 43561
21253 96688
43646 54354
27932 90336
19077 15722
67373 68640
70850 59289
31609 54400
35994 18006
86561 85962
39326 95368
65123 45266
90480 92541
20073 55928
89954 69090
91476 57836
82139 11665
23847 52436
33441 67319
25531 37458
35942 5068
48980 14810
41908 69022
61002 14872
40359 4583
76924 75194
36628 76194
7682 45408
82744 30897
96697 8439
43514 51523
46096 34081
70502 89306
72744 70697
19035 31462
68094 10444
10924 12233
31794 50455
32088 23646
70399 5819
17330 22595
15320 51889
93036 53509
59032 51565
75343 17625
4572 48875
89342 18499
87875 30279
12078 38809
69488 13424
49843 19352
10730 8958
24575 14136
59800 11582
65614 9644
82559 34775
9434 91437
50505 87832
96532 62198
30945 45875
65958 19185
10189 38552
31265 83672
48668 37314
6008 43253
40557 70627
90002 58968
47210 65307
91482 37059
9204 76963
56992 39750
86201 41775
74762 28035
847 6223
21759 81428
85673 83267
38296 3499
13611 96602
66528 95144
46893 32220
21804 22227
70159 31100
75783 31767
42681 96761
41576 68800
24910 33010
65966 87424
55035 29460
97249 38676
2482 87272
85209 96979
84318 8831
21672 32630
95912 27077
71528 55418
8545 80359
19804 19421
56609 66775
39647 39296
31426 32149
19270 88346
87420 70330
93423 55243
3143 54286
87902 34831
58359 80065
79663 14952
17937 51460
26135 78791
47136 73866
19287 37872
36773 42610
97549 65473
41410 8949
81649 94004
10635 90525
82950 48076
68248 49007
74543 88379
2048 64950
79622 83594
33946 72501
72172 69385
59534 85099
30511 12769
91138 17234
14383 48189
38764 1745
12768 48522
43221 81156
50428 72166
37435 95423
63301 16135
37830 62349
59231 17146
10159 71962
93640 71993
40648 34829
62375 87019
57270 39477
50170 84975
54693 54376
39232 58746
61471 95660
2457 87988
70603 5777
62353 39146
58016 40927
10400 32655
11638 79560
93384 61751
88171 15514
56528 28588
14656 1910
23516 18431
27043 48685
30773 27957
90491 66305
79717 88940
11656 87413
19308 43436
84497 50026
63301 74827
82197 76102
19134 85722
25096 65870
37540 89591
6552 9128
25782 41933
61909 28342
24482 36940
83259 36022
15150 93493
68053 56423
67971 41172
10014 75136
16440 14082
58621 73671
13246 55281
37846 80112
11941 50154
88654 803
81474 23741
3062 24543
8093 29314
28594 80433
4314 348
1711 86799
80033 72191
59351 70889
94819 57906
80048 49334
36739 93395
80483 57172
4634 48110
84168 83803
16670 36009
33042 64488
68258 65317
86134 94951
45394 70528
87510 93867
38480 61755
42900 59587
37928 87852
66878 6661
28792 29158
23123 79572
46486 88876
12748 22509
18893 11795
70077 61163
74488 48948
93668 43654
20617 28488
31106 47615
43889 42876
77076 71579
7849 95828
42053 40835
70857 33580
84403 37924
87155 92792
13352 70050
27156 83689
75878 6269
30640 47051
76774 29560
31868 21519
94115 65762
96159 84677
4804 15535
95739 35613
19715 33551
50815 95786
53928 24754
5392 17861
60970 23054
37280 99441
65726 99621
71473 87813
2680 7895
84572 7363
78688 16985
30734 13936
44914 22064
53975 96133
34156 78228
77561 29403
92315 85755
66727 21172
21290 92700
30178 38840
67985 51630
69277 88204
59652 74465
64883 24443
33057 97208
23885 1560
31114 8668
55783 96570
30652 73342
35720 20463
37462 20373
84511 61928
71598 72292
93459 45349
88521 46529
17727 39930
29234 17905
90692 78122
58312 19564
18561 1737
70370 58329
41026 90107
11629 41649
51418 20762
89574 42089
90309 69852
90101 26781
11568 8826
4367 24566
99505 68623
9004 35349
94276 10532
79119 9630
70475 93559
63965 56720
69024 33875
9530 54222
48811 96143
76421 11767
38273 87686
74624 5944
97673 515
94542 63488
13783 32748
81132 9180
6643 43385
71408 41512
23001 74040
3584 63329
18452 84746
89552 43588
32668 41939
45410 53174
80869 1903
21887 45106
1942 89968
51104 97332
26163 11445
76254 54327
24152 19730
78106 77745
46935 85907
52413 22171
66033 83281
35154 46566
1928 76164
62957 66408
10502 8185
60627 78917
22980 18662
56923 96975
26114 92542
86709 12026
87205 25861
10201 7950
56889 34559
10861 43500
1577 84911
88083 75159
6112 11981
26907 61553
18330 60033
70148 83115
43644 49869
91957 29358
34890 12306
14359 7459
71943 79358
83690 76449
26413 19603
54330 87681
67610 88758
7363 28950
67776 69017
19880 55125
94593 60352
95921 14438
13371 37093
58713 68129
62852 75396
49540 30791
34728 13775
24009 45370
78263 79847
24902 16062
25217 42511
59678 34367
33192 64606
95703 9876
17537 42417
89778 97963
18176 30888
47675 91005
29515 71549
97652 90054
13717 1092
66782 18130
21759 89292
81617 12180
12055 86558
75740 21910
97426 11568
40917 55129
95785 33974
75876 59873
78193 85464
48883 99559
83811 61296
32936 32886
51863 9372
98193 15635
9660 62662
19612 92491
77260 75370
11623 37377
14344 14605
10248 50990
22508 71980
96452 32708
78386 33207
13387 49447
363 70544
19699 44369
57951 92782
70246 23354
8544 61648
75937 70251
78746 52826
77821 7465
15069 23029
74186 11439
30745 10930
7849 36373
23101 89267
25117 31197
86013 7623
87780 85910
54059 94820
16544 341
19307 25330
19755 71203
68361 68170
91131 82379
83639 35147
83849 43437
67818 31020
43502 55484
22112 23643
80188 745
20334 25727
95791 53425
77747 53478
10821 12030
57786 6591
83946 46837
18591 32517
68948 8320
55762 812
1139 56458
99255 45622
89922 84495
32683 90910
7943 27993
36457 22296
22752 35025
85857 77365
91335 23368
90392 80223
87958 19075
91007 95613
66806 9188
35549 34261
56214 94622
18573 42743
49771 8637
60232 80579
54558 49943
48818 20185
72889 42987
69881 76768
88951 94018
20629 46856
20621 85673
12779 99291
8138 92720
92905 52066
58796 13694
89093 67595
6266 78418
97095 56862
70627 80972
24070 86518
39186 10008
85186 57567
80870 11274
35287 38534
42395 94445
58718 70186
54451 23085
65269 35286
3806 52544
45497 9940
31344 3301
92235 33616
68942 55770
78014 38487
77824 25374
49215 26982
94802 37143
26839 29984
84917 36358
59960 98887
22183 92139
9110 91395
51357 91416
71090 32560
7823 69468
97730 69778
7457 65085
47621 78934
46288 27817
51927 41136
70769 63809
38710 65681
54524 4718
28347 6243
27564 34503
18544 88510
98275 24598
70392 31981
47075 56743
5952 1683
22087 37560
62563 44173
43830 3832
63256 84758
56827 4010
45083 75700
96915 48450
94072 14526
73614 83277
15426 32638
59676 73571
58897 6014
5159 15655
88211 92372
51789 49523
12522 48178
39576 10983
59994 78912
22354 94447
40913 47614
63807 80854
41349 22266
83171 18553
95845 99801
47080 27568
93064 15025
7633 50772
87722 65845
19500 66006
22948 9450
6016 46276
13545 52304
80745 89194
44028 71046
3457 56369
76945 14740
28240 50185
55439 38316
79803 1722
97982 4037
34212 40834
7137 660
76723 92521
6996 19557
48884 95821
51207 63864
72897 4810
275 77723
10891 81060
48341 11087
10740 41534
69494 93515
73553 58840
42459 32526
83408 99987
24348 26270
81470 67274
25890 90874
15805 79469
98271 65462
34168 33263
91940 55660
84144 99017
28549 83335
70211 97545
91191 28233
35900 65937
66660 20312
96063 62016
43798 58392
42856 42803
32236 83559
25077 37122
56559 64910
88258 61593
41954 52627
31253 12118
89660 16470
53722 33659
1152 34406
94821 92212
27991 8670
76519 48529
12563 66538
45011 41146
25265 80393
46 82978
46047 50613
2254 70522
66019 10159
76084 64531
16088 95935
54126 36571
87065 99527
22861 89579
30501 26378
75758 15225
1815 91734
40189 1171
19022 86437
72060 48353
33103 9863
31706 41433
99262 21063
1319 26486
34041 91352
8277 68545
3236 21954
53899 40649
89405 49624
92502 15178
80928 84226
25698 45272
29144 18099
95491 53119
81319 76963
63321 93892
87322 89060
75166 27626
34293 1207
10090 16237
8567 24256
11090 22289
24641 34743
73885 86322
26973 79317
63975 40726
61363 58945
88917 40309
25573 85768
22182 82037
97767 40149
51820 114
24712 45912
63408 56896
74358 70749
50438 50383
62134 86765
14806 62774
23088 56863
49891 69143
92576 51365
83208 68190
28591 86660
73816 28286
73982 88642
45110 3861
71325 34659
5774 60087
80942 67603
30875 5571
38463 64734
78967 98438
37556 687
43987 86905
64063 24751
25021 31871
16950 70146
51904 60088
16614 54000
25261 57128
49158 75951
78635 44041
4174 79529
81810 98445
42683 83158
31451 5930
3962 73496
25523 72836
32364 6018
86987 60993
99715 35360
37928 35381
29198 16853
35934 4869
80256 95072
23909 57379
36614 74720
80212 18875
14814 54790
59566 18604
9677 88729
42309 70542
74241 67842
2463 21059
80472 27567
8083 80613
73070 44043
77828 39289
68875 77743
18852 66398
705 25637
6663 89760
47283 7686
41679 43938
34825 63185
6831 23517
88416 83122
56166 72295
45061 98214
35086 34096
78790 57628
3189 5710
92004 89716
23984 82927
94759 25443
26055 75724
14155 45169
19806 74899
9581 95271
63630 6602
71971 89
65971 81404
37530 32486
27352 71871
71636 33696
88273 13
1761 7112
795 72566
90077 22029
75010 27841
59238 81865
54454 30944
39603 13888
1045 51938
89512 41937
46395 78463
89921 81158
81065 24050
59542 63
92309 36749
76950 86700
32985 24845
10699 1405
10043 75773
62847 94524
23191 93958
45275 51652
61971 79589
46196 70203
9368 37914
93879 62899
40126 87195
92561 77936
24060 22955
91268 45187
39617 13812
95491 44473
91577 66680
75242 81017
76404 58300
4544 33854
11680 54757
74546 94538
46387 16366
5108 32717
77810 50302
37128 18838
49501 38908
25746 10501
29762 94165
9075 40507
50469 67621
66676 65604
19750 62719
76503 52179
71874 64097
21585 20721
96114 41096
87537 16610
37917 16274
1938 60779
2608 62283
97607 97424
1821 57083
30253 28723
49571 5763
69609 72757
81651 21131
64204 17564
22226 23630
40830 3384
75836 31937
42755 76846
28061 82311
19088 97896
95159 82391
46453 5700
90942 81775
29054 77361
49209 79394
62803 15846
65640 15025
96883 29685
14223 54524
19057 6886
91182 7352
36641 882
7765 3518
95300 401
16914 83931
41308 75095
97666 76638
44126 19561
71572 11801
99682 32065
55425 26273
41151 90902
33278 31860
4005 13438
22396 94313
40342 55405
4324 39590
36448 36096
31712 73181
84278 81562
35395 77963
15486 41211
62071 99610
41799 28858
68871 45803
13455 11660
79342 60582
31330 96701
11364 88123
29543 21930
56583 14282
71045 85429
44035 8158
15938 98967
97529 74020
53823 21820
53868 47510
18785 88948
87245 51848
49489 61489
38767 66926
24734 84977
50728 58716
52778 26480
33216 49663
53245 83339
40642 91869
2862 63469
53871 79975
10075 32930
69908 52918
48990 9955
62712 50688
69412 92585
86334 28508
9338 84984
93075 85255
76953 47975
76185 20731
90392 25288
58304 32609
30866 95969
54821 24402
1283 44512
31051 36432
71766 15686
64560 23558
65762 52546
71518 55031
87589 11689
73684 9021
77642 16018
27747 35894
58319 34646
68768 68369
2231 78646
84963 69769
24659 13243
87414 16943
78599 50854
97428 19931
67509 33867
98077 3248
27134 90375
90019 7116
33750 3641
19906 66304
53595 81108
52491 88046
58730 46520
77063 94751
17266 51027
45940 89804
96023 22776
61414 50702
56609 64580
99306 56261
58438 701
29291 26084
31684 75523
28228 63500
66318 90014
90166 44700
35115 20447
83087 15460
8007 3604
28540 946
65050 71447
45788 81665
65620 3313
81885 22358
70291 99919
55573 48540
7124 11994
88792 88102
75233 53625
91795 70289
82693 26409
69294 15051
61472 85436
85516 56838
88728 6790
67842 41242
22467 3167
29012 67750
96100 27107
45892 42914
73026 64349
75241 14165
40446 50950
55674 44008
19481 5043
32437 69769
83240 56117
35559 47875
65595 41645
52044 17248
71523 28404
8719 18816
10678 53120
98857 55434
10016 2054
60477 95155
91707 45992
54332 26545
71008 22143
15726 54924
7410 81621
29683 93638
3005 26798
9576 2057
14014 87273
96427 29401
75456 30571
62135 61144
49900 75697
30559 89992
75856 99783
23359 94715
33855 68366
22662 78295
94841 2556
22101 17246
44439 34251
88553 94599
59089 33031
4291 65971
23614 4327
79017 21401
16002 13956
23853 5778
33333 58730
3120 5015
69029 34479
12676 75107
8937 60042
10512 26223
7350 51672
42207 58272
77389 31072
4992 53521
42113 31094
222 38853
53923 47010
53322 42028
85567 46795
38362 3713
63025 49140
30507 63917
62268 12618
75501 95795
77340 95591
25810 45033
36987 7692
10872 83883
3478 98351
79213 48774
28061 20361
13784 26271
36590 69283
83347 70404
50964 87574
70403 75639
55086 29958
59306 4882
4379 6422
20496 44319
7302 42995
88591 37953
18168 42242
94139 22811
82105 50780
88028 8984
87979 50132
74079 11608
47103 70636
30029 52699
50165 12570
92860 95106
20564 24537
20663 76395
66740 64364
13200 81487
97038 23715
74389 4132
45143 57966
1824 50530
1603 60031
9075 81868
87987 96014
93447 12120
699 52740
45300 34953
50332 98771
76045 46111
45538 1549
80914 13518
26717 94984
66536 95131
94854 85703
11746 86985
12837 91134
70492 26021
37537 92621
5069 82422
34259 57686
39768 8439
28397 44186
43670 65782
61753 80449
32530 96413
44975 29296
67955 95419
28923 42522
85725 1061
99924 84038
87806 63355
39468 23130
74595 48234
44082 95722
3739 41564
12383 70130
29155 20347
19571 46377
15053 29213
68886 8989
88289 87631
24187 30839
25624 50233
48938 25129
93833 2230
8694 87032
89444 76806
76233 15445
24934 58514
58406 87567
34890 1090
17856 85169
6428 18041
68785 10221
21374 68991
98198 21126
26135 55868
44872 38638
40197 26519
98259 66577
64857 8235
11882 53478
54636 87422
9593 52090
13896 61995
2717 5845
32897 129
97863 38692
58916 59951
67572 80983
55022 43634
22072 41517
36004 19858
97339 3137
76899 66628
7396 47102
59844 7718
83561 98992
59975 64515
25797 58967
9667 6865
6237 58734
16238 86875
34440 50533
68566 70944
3651 78974
71420 69471
85386 76860
13817 29471
61993 46634
28212 28163
43347 52118
96190 25182
93077 86151
46040 1679
49532 6616
70926 81053
1567 52218
88473 79280
48247 35507
566 41582
46591 53761
48873 33422
63147 24200
85299 81425
66529 1437
68937 27640
91122 35369
17128 47825
48474 14481
6807 46687
40188 97131
6969 38135
67701 31424
30327 8393
9801 93260
76949 8157
13767 20842
96382 13766
31584 49386
53828 47067
3202 99702
8771 22796
35729 39853
95015 72162
55704 67715
2258 48174
98318 65512
62574 76115
76471 22736
99031 75075
9501 65031
60059 4516
13755 42883
94462 92284
37983 48506
85760 18729
18180 90397
67329 32536
14339 35256
54916 78906
12704 67812
47344 12364
32809 48898
97688 47275
75267 90384
49481 42514
30149 72678
37523 68442
78094 53822
17209 50990
37498 52866
26156 82821
71437 52246
73786 48475
3534 68193
89537 39541
87550 32200
51169 61805
618 15781
68281 18763
98745 25557
98214 12994
8913 19016
50053 3173
65838 14278
94582 47609
99620 47507
37535 26985
3969 83103
25906 92786
79934 61176
77656 68980
26756 33547
67493 5422
61529 21945
99120 35430
35 526
38871 46791
83939 75414
37160 66707
4542 40570
42478 52215
20112 80056
6701 83873
84678 69995
45205 5865
293 26133
36552 64459
3727 93373
93348 75191
28167 61781
45896 44321
55936 15862
65908 63937
68841 70142
51622 30947
93935 94215
46154 18072
86092 38939
71728 24294
53150 55718
86705 74995
29732 79134
87555 73465
98392 40751
20335 36413
54781 3271
66029 85015
10585 74926
88107 28389
25909 73202
20431 40869
1927 57184
25499 31511
37239 45138
20109 33057
84809 41761
40346 53793
93861 61934
95221 34920
99637 88508
68615 94167
69740 149
29748 56633
94640 59726
19099 52921
97355 22727
90617 15476
75197 66189
54704 72922
67288 65391
76374 94122
51496 20425
40304 9608
55406 88708
12794 36281
57577 40552
23279 28565
81855 68380
28159 52441
33733 78145
80152 30966
13524 62003
43157 50378
71468 59256
97342 96857
95850 68630
66522 37158
12130 83189
55493 88052
25474 3695
67477 95872
20089 43023
89005 94340
46832 39158
100000 7625
23472 63467
83881 26965
96197 20956
52761 82313
16262 37843
9426 90823
43817 47919
81178 76435
62479 4471
28282 10869
38164 63746
65820 79916
47749 43605
4467 1750
98967 83646
12303 56223
40405 77621
58457 64911
76915 42957
99390 41908
7512 86184
62922 83605
8065 16607
772 90366
89078 40382
88633 6716
22126 15181
89227 22413
50014 70248
73417 58561
26744 70189
329 3799
35281 24073
94504 35571
1153 93502
19141 15635
55478 48997
72203 38117
69160 42269
18987 30043
94177 18808
64241 53330
18698 44709
6326 912
27722 6813
88881 44645
83430 79587
41550 76289
49678 47911
32852 80577
65421 28272
88263 39602
52655 25785
58408 52548
62663 92588
15576 57475
47731 79453
32035 57810
34062 80459
72536 71521
49678 2418
83295 3255
79091 42939
61508 94802
13924 75166
86616 2824
36391 25815
25047 41604
15726 19665
51894 12776
17415 47999
33974 52100
37361 27648
34587 68814
98636 42335
87348 49136
76168 46317
57194 93880
81618 91498
95615 65377
45692 74374
48761 50821
52905 56734
47274 4551
2666 44641
74053 3890
9619 99964
7739 65600
11752 5295
53886 79284
18556 8970
16486 81558
90690 970
5071 52735
18432 27352
7575 5519
64647 78472
59190 2689
45097 54011
89107 18166
23049 2881
6477 43268
26488 7670
23801 21796
78294 71422
17473 80168
69684 6960
23341 36041
93286 26576
60916 65504
67080 51254
49760 67552
36540 13393
33131 175
38653 93533
61924 2280
89277 26202
77717 37631
18983 67956
69418 32418
24583 75845
54702 30051
87950 7746
65978 54025
60705 38084
64114 69072
56995 746
26589 36173
55904 39758
8677 41242
91989 85788
42423 8787
32489 50614
63612 51219
47657 1546
2618 71345
54883 83459
10801 58373
58208 90574
86985 3996
96736 16925
76782 20020
8116 88925
54502 64696
11569 28070
10082 6159
96941 93869
82905 45840
99435 26144
19282 9273
33453 78669
52442 19261
21114 67386
32093 67627
20208 28371
91778 23366
74886 44162
79599 8370
80698 99441
45485 33955
34633 8029
61153 67470
41673 79174
94277 76428
73526 63724
82501 63231
20266 60587
88835 64351
40877 9147
11688 42441
79195 75769
22702 45941
12498 6129
15397 10608
63089 59046
50484 47593
85915 39908
3401 80663
46671 76956
67237 13617
7437 94146
81044 5449
75109 3706
43681 89099
60767 48094
47838 51380
61828 73404
7272 20238
32418 6884
93601 74334
74678 91647
10953 6171
37474 14794
59534 59380
27250 33260
23650 66974
99912 53481
59824 65832
44818 9019
97973 70750
40290 61449
1479 3792
75211 3327
98483 62709
64376 22941
48320 13107
7127 52168
14084 54952
31175 30514
20197 82171
40942 4541
30392 32671
59403 32384
51125 18671
51483 84397
44182 72209
19971 70134
29298 33090
66877 14490
94630 33310
10095 23370
11151 9789
87346 39769
74465 23698
18558 63086
45836 24733
62452 49255
80610 24123
36260 36850
63538 7993
30234 26919
8226 82688
58074 24085
74640 96295
24912 22616
80009 96293
12074 25069
48728 98428
81133 1740
61360 17204
10393 37668
32740 8738
95339 54854
18178 26707
18914 74377
49266 31887
49090 43255
66779 69154
6947 9081
93159 13846
89743 24139
10229 51497
46516 46736
6746 22507
25579 3826
45814 45779
96654 71391
46438 6711
4587 42935
49799 6850
31225 16278
61812 45081
52795 10668
67898 75197
52530 85558
58915 29703
53969 28291
62580 30994
21426 18150
34288 67918
45367 17841
43617 89074
28937 73393
14692 2604
85867 87643
4007 88460
18971 84812
94282 30953
43157 51448
19245 13741
41321 73468
22023 35582
75177 9102
90110 9916
97706 98714
65134 1613
37510 87981
43674 77845
4105 97857
90033 27954
57601 91359
64358 87544
41361 9495
36140 57308
45806 38724
55234 89350
7121 64045
70801 65648
7456 16456
4669 52811
6901 98065
83698 33783
72124 99834
58629 59056
33583 13942
76328 12657
85146 99377
76819 8236
11531 12793
33463 97212
8121 50801
26094 88917
73679 49688
13576 15965
43969 65086
54304 26629
4991 69097
5210 86288
49728 45555
2471 31928
86230 75921
94851 31780
45367 39455
24734 56983
46327 55105
73935 32918
87544 55571
44134 31554
53141 19895
89917 37268
62925 86517
61224 80849
99775 81705
15364 6672
59519 12308
15875 56976
88103 63560
26665 54476
82177 13017
81517 42229
78006 28941
42939 46124
43018 45423
61621 18199
64463 5362
37036 56561
96678 5223
13491 57166
14385 52843
36324 73505
95206 17916
11131 13528
69488 83589
81010 88730
22822 26105
89213 19435
74907 4172
55588 18551
58252 61856
31224 23749
47570 79018
6252 48170
76703 99951
28509 99404
90187 67983
43829 54043
2897 55764
70410 33142
74946 27178
2784 81066
90678 78035
61678 84175
59346 81771
69036 78810
71979 30091
89080 86353
9000 37333
4146 44098
54058 683
69415 98760
37912 37752
5876 47278
96951 87776
95567 42723
29825 88287
97266 66586
12779 50405
58413 23202
90856 96123
32525 73359
74693 75984
53109 20970
83851 1057
52651 51250
86216 12628
93472 44569
21213 68034
28092 77456
95013 88258
3707 53591
30719 56591
51602 97527
49338 35730
31498 16600
43103 68289
43797 10325
1883 15753
62394 38919
29484 39951
8661 35849
29429 49678
7904 60551
89527 45079
92552 50916
72837 15880
364 16059
18179 48198
54825 51933
55905 48158
5991 95005
1479 31898
85372 13301
89355 89296
36561 37326
81182 31516
34097 25539
588 28284
39323 16096
36574 9554
34170 34631
8979 94544
26738 12538
48053 70069
40289 85147
20962 3893
3022 28579
47006 69354
35356 83635
16267 78786
27094 9427
50680 51092
94516 17391
19082 62538
7292 27263
61336 54241
56318 40746
78348 16098
96265 22696
90554 39064
46825 48151
96288 39738
49655 41612
49323 5212
75249 42545
30514 41527
19937 61751
73669 51669
15076 34449
91977 99677
1256 44503
43210 73702
3705 69188
30100 34761
59193 61114
53658 62861
909 22594
98078 55552
15747 18800
52808 49959
46343 97686
18285 90501
86511 22796
36947 22637
41398 12301
82598 25364
3199 42006
82511 2741
37181 50612
97915 22984
89154 81294
4153 98216
69047 21
17380 35204
99608 8285
64090 95931
41537 46767
69507 49213
38201 58929
30734 42342
90522 37291
61711 70454
46667 57404
94766 69898
56445 13992
44348 7659
48352 40697
21510 33748
87409 44595
49583 25324
25388 86275
21216 58198
73207 16077
58756 74212
74020 7590
74535 64948
45213 19780
75068 73857
52972 46355
22762 22991
16264 89519
52745 1569
78404 91760
34800 81764
72502 74157
57775 9131
10510 34495
49234 95323
46855 11619
37561 42039
95769 10792
23241 74817
26151 89305
97274 36089
23435 8418
21222 64141
76380 56949
88670 99021
53041 27831
46385 76795
61293 13877
18413 43431
86398 43190
32578 18334
40895 61385
57769 70128
16418 68771
48107 98233
8440 80732
90359 89436
87307 80562
54119 58941
7579 86562
27924 27977
4736 12900
55685 58861
92771 87337
42660 93524
94839 25747
12812 59932
53174 76619
77944 39703
74139 76640
499 25465
59706 98440
62837 74794
60052 96658
43049 48664
84853 2094
79386 86525
79716 3321
89466 20321
18975 90326
90404 66808
32582 8742
4315 87014
73591 27163
17496 25996
30931 32624
63063 97919
57467 16275
74530 18438
25524 95537
32150 12871
62086 11233
5214 40351
21587 93944
21796 81415
13433 41318
99484 83535
91081 81548
60418 41510
13284 30120
94692 67771
4175 56893
67438 92114
19524 27714
31936 71681
84201 60201
24908 92109
77823 68180
63510 10807
29122 86109
80870 87194
53147 93540
16646 96544
16931 36212
72200 48580
63468 39136
35117 79349
98904 69140
791 53712
68048 87918
4396 81615
1759 2614
62979 81920
89652 63713
34123 57157
95669 53830
63199 28590
60132 42826
38329 55910
43644 5099
38305 78181
13721 36118
86563 36981
68560 91514
68836 17112
43242 10451
61522 34728
65410 97562
40965 45688
70567 75445
72222 23096
27857 28111
80247 17741
47660 42354
7511 76009
65193 80181
92515 47517
12684 23016
5773 81344
49176 92368
2962 1436
70204 53950
75163 11017
59830 34264
12903 87653
69628 8076
30848 8775
80770 55800
59985 62947
80851 16479
94893 63258
24048 34864
66207 55049
3597 24395
63464 18231
29208 57490
75633 84061
17110 43786
2281 82048
36769 45078
16069 29131
47864 62347
16384 75090
27619 58754
4588 52686
45143 38574
4627 70399
68507 88455
30128 56378
73897 31450
45751 74390
8042 6195
29222 57463
98279 84754
15390 72522
83368 65711
84737 88579
43824 33312
9473 40647
82041 26153
14329 44346
55184 19008
12929 76677
65377 74863
90359 30659
92658 26481
45600 61351
71199 228
37916 73093
92733 36586
18069 9948
54760 35073
54569 12694
76868 79402
87816 55535
12830 66804
65099 41890
30402 7722
69906 38607
93816 99758
24216 25441
46178 52877
22972 36466
45979 99613
56805 51415
4534 97185
6283 9666
79834 74271
64800 64179
50254 49917
73959 68819
55065 74752
59902 89304
86795 64596
92287 74408
47540 92403
47953 11413
55156 88249
93594 33079
77933 14322
16668 3122
85461 66295
67679 65219
92778 92469
2538 29019
82999 22413
39662 39076
59682 41310
99019 62247
9560 82044
74054 57049
1453 63888
1445 56799
75579 65637
30993 90005
54512 54635
95694 62125
54591 16037
49973 59322
74706 55576
44491 37214
63603 5999
78316 80664
38609 90590
36825 86843
41745 22846
53176 77787
761 32712
99560 74353
68143 93868
20219 13601
30073 45979
23809 16500
23842 32039
45765 31924
48245 62029
88617 9840
17910 22743
46761 136
45645 33264
7115 16828
51408 58063
89607 78363
60323 18902
55511 97174
85603 66942
55152 49641
61374 50428
8366 26211
84245 84399
60758 31583
30398 426
14448 87948
42636 80331
44440 4018
55841 50388
53159 31224
58666 47512
71899 80336
162 26454
47954 47105
4949 34690
79780 98727
15796 84887
34786 49288
60976 92595
47920 26279
83037 19077
5441 73989
94777 44548
96119 45545
26761 92797
12838 62102
53452 41156
50441 33458
49654 37849
99196 9392
657 3315
69499 40146
63281 96884
60684 84199
24528 56593
77758 41576
88990 65335
85258 31281
35898 75343
86602 29397
1910 1519
24172 25484
86992 81110
51003 81924
79130 32443
49166 3537
207 45887
73376 77418
87904 18055
49688 16677
35021 82443
8761 19773
25476 94708
15909 60256
9590 20628
46935 91181
4412 48317
87380 98277
71116 37047
63531 77290
74194 57936
12445 9000
16996 82437
33238 53079
62569 22622
19719 61453
75485 33120
28321 97564
51945 27282
26224 49989
71345 93747
51907 38999
27769 85715
88176 91448
16985 51351
67281 33867
85497 21081
91942 21531
13227 29711
34154 71945
7622 46930
58158 12898
6952 66686
48281 24760
36738 64372
49627 2350
71780 5555
14028 41765
61248 64155
5994 8767
39049 63704
54078 70533
93755 78159
15899 21369
62346 66769
74485 65348
10937 26654
92296 63846
97080 2903
79752 6389
61261 88722
27306 78766
16191 12861
59552 56363
40934 61882
33972 48991
57613 64051
69765 47258
58924 14458
79707 63380
2491 14609
11528 1662
2054 98389
13503 82443
19495 35046
93999 74174
55033 8002
95864 9916
98322 17927
25142 95302
85901 35533
617 89085
59795 82790
90578 72248
99747 58367
71292 21154
94272 72251
94635 35867
21867 60598
73739 95061
7302 51837
82306 79916
98878 67290
98442 50388
66912 52774
81252 87593
43934 71747
5475 83578
54783 18099
59181 54461
78092 9487
90237 61055
87845 13472
42777 33105
14618 66180
57351 46329
96171 3123
88943 7587
46010 59667
10163 45564
94764 4960
31879 87305
43675 62892
27361 30526
52063 54453
61442 73066
56862 82705
29064 9401
6981 6074
32348 69028
99874 10950
90522 57189
70888 65383
69420 32265
30562 69115
84221 76322
45198 1745
82494 66083
40469 63876
87814 12291
15912 95939
19337 76650
68549 68966
23010 10103
33289 85710
89101 48743
39926 37481
37220 60491
34176 77676
87270 73752
52225 52904
98866 45611
44130 43309
72626 64713
98251 3980
2856 23236
40269 75132
19386 99317
81708 3616
89222 66663
22790 74619
98188 69503
99132 27501
82100 79283
97668 24521
35169 40258
71278 84792
26982 61774
5256 99782
73624 61271
19444 46893
56241 71734
42333 46090
12381 71712
48755 4391
96140 66376
68576 78635
92722 24743
5140 91533
31180 82585
94443 72942
48163 23720
48732 63102
26597 61973
54750 30558
20180 29135
35336 78325
68391 1518
30010 52673
96670 29905
92440 28975
7723 59213
23493 23719
10720 36379
51541 81644
72222 67915
59963 32175
28539 41525
45975 97427
20087 34902
37953 12689
91494 36847
46058 83079
80656 67835
85525 16927
1249 9041
75993 96691
63205 88884
91732 17967
48579 23650
98381 71844
32816 36603
70582 62376
56374 21936
86704 51961
98818 95380
37196 88921
10738 27634
36099 7931
31887 92156
31072 55153
42374 86652
67288 14073
28213 29903
89547 80062
67676 827
88479 86620
31113 86682
67332 14713
57015 76498
54849 86040
9232 32407
37097 94204
16540 99549
91201 40367
38602 61864
6632 38238
18894 61319
14592 63851
30589 75552
5542 88310
46115 42809
87349 12668
36150 28676
25171 48382
77400 78904
28372 31682
96729 46213
45527 55530
91483 93984
40209 69453
35509 63952
85254 93412
70518 56042
48931 21346
31638 56527
2096 60071
4588 8827
24881 19652
97513 36509
49538 45966
78132 5644
50463 97176
17132 19681
29830 14122
71375 69890
36849 79363
55727 74013
12822 19624
46029 95924
3526 23665
66320 89475
22278 7827
43972 20358
17974 32247
42805 35685
58620 24352
35727 77252
76168 79941
74527 5863
30526 70280
18804 20704
47439 47744
91979 62147
1034 82762
15786 73461
15548 93452
38422 52694
97124 20559
804 44210
39209 95565
16842 26707
66485 60063
78158 38670
17537 22263
43915 37368
37783 73947
78357 39966
66190 86337
73121 85177
49588 75739
33399 76724
13833 52217
19082 53586
66108 89948
64693 33754
46680 65799
80737 17872
12134 68356
71369 74290
21650 40685
5220 89930
75158 46429
85526 8910
4720 76878
25247 7533
42152 48251
6212 9306
47270 94167
8104 91495
33454 15918
25880 31941
81907 36188
86339 27899
95060 51375
71330 44964
16786 42225
8499 15189
67624 94999
64951 61825
35086 20642
11542 44590
77086 42638
52902 36473
30930 39902
36831 60875
5455 59254
23242 97129
64465 11786
64733 60108
81765 4890
64867 47516
92402 90724
27270 85017
38425 5650
2415 43965
13212 88785
13252 83206
86633 16027
78276 44507
1245 10393
10445 32970
15276 91735
38746 95675
67124 39739
45764 87946
57384 93571
84688 3320
78867 9810
23255 63623
19932 15700
84635 39377
23594 70703
78088 12471
87466 48262
71437 15648
82123 62335
18284 69743
11619 97890
53984 95697
93640 54346
16252 27109
86936 10216
59725 80838
16868 66872
77655 7214
6684 48960
58735 22300
61892 55398
66155 35284
86099 71292
87484 2400
36650 39129
16548 20824
41653 62759
17528 14288
94450 32024
3502 17920
95543 44265
39203 54170
46401 63392
17843 9591
61414 40640
69093 98157
6754 28275
29069 94582
44626 91843
8504 63537
13465 39153
25496 58225
78230 39304
53453 50913
86034 29984
69429 40012
49189 19392
58873 62424
73092 60781
27219 8557
45556 17403
18861 29889
99593 46731
39526 31508
72336 69191
27619 24348
4664 82630
4837 22215
83475 24926
99211 57515
10028 91681
85135 36240
35023 99647
43273 18971
83188 21285
4893 86842
85195 97849
80806 4313
60040 58299
67481 27750
81649 36031
39179 29043
94716 27964
44002 33514
43207 94724
33554 45440
33147 76555
93856 72624
6125 75405
78135 68705
82001 69432
86754 19047
44524 29244
56526 40533
1154 52998
22970 95322
13956 74898
30499 24799
16850 19061
70848 35483
59900 59722
20159 83806
13768 83935
73321 36588
27044 37263
80786 57632
45320 11462
61472 38823
56032 74387
93103 20275
96498 83927
34798 48971
11150 77299
88061 48776
65167 54894
67943 32703
28025 6180
24201 32033
89335 23525
31423 31389
14791 41893
64167 82235
81978 30245
50075 85386
61444 43806
69046 5047
23419 26677
88477 25429
28371 469
17914 93205
15679 58299
68648 26452
31943 73028
69799 32564
4246 44207
63808 11325
43950 74860
92031 77377
17595 99519
5115 52958
12371 21970
66315 40173
79263 73076
81560 49254
31246 30947
83935 39368
58423 43835
17921 69793
21504 79140
60265 65377
17267 13354
35070 49251
22007 61278
73963 49426
84591 19208
77082 80867
84594 10828
1746 88387
46086 86587
56170 46841
1718 50399
55496 67579
27742 2392
98479 744
23340 95019
74735 17813
90043 15244
93489 42710
345 12653
89304 44644
67148 59486
44078 57697
21105 18276
60760 44964
72382 20815
80412 80446
28959 68467
99516 82033
58377 42615
87035 5625
23076 44080
55019 53584
90088 19301
40783 27548
79034 91305
95012 92097
96568 65430
12954 77536
32213 19019
70563 32197
13432 68266
33306 84933
19834 23140
46168 50249
26737 61270
38461 42683
97285 140
7074 80846
74179 70292
64596 75303
30202 72715
15611 61750
97302 49280
23695 85945
85361 84059
24390 36375
88380 26089
22977 87411
23337 39903
19478 88973
6665 76736
51214 79335
26309 46760
22699 38469
83860 32504
2438 85008
85024 16060
84421 30938
26699 95082
20732 93298
24351 49668
52350 1198
92043 62627
60901 20844
76721 85748
42512 67853
64201 10607
57136 49721
62578 9128
58573 94082
82672 9608
7577 81740
19075 84587
87676 50872
21567 37171
52306 46710
45710 29570
4017 21487
90511 75086
50571 7574
1085 9060
39067 53660
7692 10081
111 42030
55298 9809
96044 16446
75410 49721
82885 43967
59417 33142
8164 74313
26129 48350
42781 5172
57855 25778
36767 35737
26002 45027
6511 17926
47777 887
95469 18887
7251 16524
35307 99652
391 21163
85402 7373
63027 48075
57556 10820
13274 51573
32390 45659
9767 63890
39597 45975
26641 65473
22818 64269
58201 23495
94661 21126
998 78388
66867 89962
68919 2617
882 8910
8692 41831
97473 75422
79369 78954
84373 88934
15268 21629
49116 46879
57543 8278
126 69175
51892 81212
73144 2358
18623 82640
55209 48737
72901 61180
19791 32674
57617 33281
45196 96397
13441 93190
17926 69901
67288 5293
45545 1302
83714 5956
59143 31989
23730 58382
39700 21141
53118 69738
60 61346
1476 51033
10563 8278
38419 69935
11220 65301
57123 55148
48411 16103
77344 88353
94948 81408
2509 83271
48411 21241
29449 4725
27605 74504
56963 58586
73510 16600
76746 49367
92675 7802
88426 74892
17396 82540
3263 77702
18124 88843
32820 27498
79820 55430
5944 89672
29918 46747
75070 24945
57657 87560
1530 60099
13900 14616
15352 43424
15552 43038
96705 26461
35995 38276
91136 7112
98336 8044
12611 5749
73515 73695
70637 87618
6974 49423
87975 38429
77687 80664
1259 66884
45706 43817
53786 90920
82207 10199
42044 82560
94591 7163
28228 80081
17808 67665
53433 65134
56428 79126
72438 75008
23494 84709
80347 37799
32299 52215
67124 65135
426 76034
49062 62666
77385 80787
50635 72642
14222 86308
57780 61986
78802 22182
13289 82142
90720 46346
11204 84829
15388 12787
49570 201
3081 65344
26007 85180
77683 85393
72567 78196
42974 88494
56091 21411
9858 71122
83465 81544
81914 78567
2032 56263
30857 5032
60464 53868
9684 84407
67938 32623
45335 39350
30461 23674
42845 90218
76024 34010
43849 24057
5082 16156
17662 63741
75866 17072
86926 61974
18134 58305
8783 23877
1827 10933
49486 25269
80026 32517
20984 12756
21652 97335
29325 47076
90302 81765
91848 4606
95105 87221
67157 25007
60350 81152
15690 87551
1801 89933
81181 1884
11452 16828
51925 59140
19399 39557
86559 86091
28816 65138
29562 92519
87885 35501
13936 49688
64944 2293
5595 62615
37701 52709
908 74421
51916 91949
79330 77863
30996 55080
94777 27534
82672 76432
83730 71490
1240 26705
63887 61397
47582 51761
17382 59141
18646 70510
59971 41493
12057 88097
65022 33865
59497 24318
41784 8179
4703 1052
39400 62905
15295 34917
87207 64084
71668 84260
35958 92253
44999 35683
70596 55841
83181 76022
21065 24081
41664 54284
84318 73647
23214 7611
12450 2270
44647 907
70270 89768
84912 17955
21380 91791
71310 13652
53063 56355
86523 48271
23210 54496
64952 79925
42323 5963
19951 55295
72564 28693
17462 25079
16853 73396
69487 94278
95235 97021
10905 22144
22582 35593
93664 76401
73322 91919
19895 56376
87131 70431
67295 22394
36711 11910
63817 41003
29268 17015
10820 43543
94943 43176
61904 46418
93106 37877
67535 67893
56189 89725
65719 79618
51587 35696
65569 54033
48214 29989
81106 8059
17420 31439
99665 56711
23750 60496
51477 60566
87174 49548
40165 21426
45555 65177
52341 55108
84591 35429
78839 47439
59489 25975
53409 57304
79452 8776
59376 13060
64780 41583
61030 59912
99329 2657
15963 89800
91835 40691
11582 25871
94169 60046
65379 49715
15866 98345
475 50636
62067 34209
36969 46204
20567 52343
35079 85391
58365 9156
87966 8380
99799 29405
72000 429
80055 5154
34703 39574
38353 21034
60745 1361
71732 21195
17214 5505
56008 66442
83107 49333
22552 51718
40253 25256
71823 9116
18659 21837
73164 67152
90980 95587
41694 70538
27092 63702
33533 47185
11247 94945
72623 44469
59154 20674
53135 81064
81013 89983
9099 17593
10703 36635
41051 22624
56534 18952
64775 48772
7569 8644
37343 35482
20422 67409
59747 29010
91346 53808
84235 98939
35875 80971
88952 12655
88504 77239
75501 48773
35320 14273
59620 69831
93725 57545
98448 55843
80762 36776
3845 84720
63095 87347
23051 12992
31288 13078
94275 75580
38160 63377
71954 49615
39887 28847
35327 28055
37213 82643
68898 93956
64903 10156
43620 34489
2605 30493
33503 81577
50697 24505
15685 75292
45423 13458
4481 96522
87941 95827
24536 60196
78349 21525
34849 76698
57530 75820
33861 11521
44155 23911
14863 90204
55277 72099
27485 72956
22577 1353
84263 86844
27867 17204
84874 20619
21522 48855
55499 11792
17974 56418
19506 54610
58855 26282
23849 58101
9896 54949
23207 91252
88181 43430
79193 67673
8415 37446
77455 24482
38892 12631
65637 32645
42275 92113
68150 45608
62893 17422
45331 48024
91866 61191
92175 45273
93111 14376
89148 42819
97076 39021
83771 88663
70432 75096
86970 13550
73140 48794
62393 97162
32357 86767
60302 11048
58323 27554
40740 81899
55662 52805
74097 3583
91552 20775
3682 34813
28248 32063
13854 55729
65989 65599
65806 28625
1970 83129
63535 86277
90048 29021
67239 40141
52362 28550
85400 92077
44779 26822
78160 95043
20424 13271
2891 6466
74149 65240
45402 42032
76275 1306
66874 76454
42174 35113
65753 84511
69468 34984
49568 74191
86817 68681
48087 99234
58432 34245
85805 12463
15468 77381
34840 52868
63492 44532
58201 73902
59316 87999
10964 7329
85555 55063
53534 61153
66692 71452
40556 46818
43904 7463
54297 46103
28932 79681
69466 497
15785 14423
64636 87276
78620 57486
13587 93198
18707 26310
34111 42994
48627 71352
76481 45772
40539 60208
77217 31071
50625 17158
90151 36013
26325 25208
12665 45535
5384 31994
26222 44305
70434 39799
2000 54576
24373 29464
70314 65453
14382 57803
95024 21710
77292 22488
38910 33244
77710 72141
97112 76529
82416 63688
97862 70408
67553 79020
61159 58612
72804 98426
6632 65581
72212 91614
89224 9146
67683 85754
87634 77814
47153 43552
72216 5295
34186 68221
60391 48907
76454 291
26369 852
69954 96374
26515 67240
61264 3522
38267 43021
24268 77882
35269 33271
3883 16028
26952 63521
13911 25299
18470 38974
45872 11089
46068 47571
9312 7352
887 74179
32930 66795
19129 36030
75206 80888
45213 34454
76021 36015
91716 57958
77855 61812
41270 15552
51511 7509
80382 33163
45025 74997
11628 80069
20022 5909
4057 18286
69849 36424
25830 90066
5963 6309
1828 73250
49408 19741
28354 44683
3315 11203
90573 39472
57096 2092
21509 41954
63618 45777
2339 99539
67294 4434
63770 62262
34999 61450
44185 33341
55453 13080
35649 91569
91776 52121
60600 95740
10885 22534
160 94477
63312 87843
61084 36455
60653 55276
36248 97121
69426 36302
23848 20310
2365 3494
22047 25866
71779 15985
67076 46866
93372 20726
93881 91714
98965 87271
90548 83167
55893 95274
2969 76395
40319 22550
51572 14059
46824 96029
42743 95688
88895 2567
20307 56870
95571 40753
99909 62252
21506 92999
99264 8232
5908 15666
69947 15385
18125 85885
84761 84994
76047 43828
6853 55536
84214 49548
19509 19548
78048 33599
86765 59683
963 75828
14297 22667
26875 66697
72487 18853
46437 15291
52734 52068
75427 39455
48554 42432
19556 52288
29553 32793
9601 91839
10763 69244
8711 53817
77922 2151
62730 41932
30770 52174
66252 28815
54382 86231
8743 98064
7441 89807
70968 87544
10222 91376
70675 21104
89449 38654
36197 78189
30117 10655
67360 83783
23465 82658
60857 25579
31596 6067
45960 57831
92310 66412
51167 54811
37136 35653
93657 84543
10047 21124
74219 33760
43126 20843
79257 12412
45381 16839
86088 23829
2320 58885
58064 60055
60444 1557
62046 21826
72372 64868
97216 56874
16573 85031
89134 1353
19368 11656
84310 18447
18082 23934
24634 85404
31591 80969
21887 39278
64476 68900
46010 54765
70272 24536
94418 53452
83287 25073
37879 84140
83410 58442
18455 59491
98093 53054
16642 30317
65991 82495
7977 7186
11738 6494
91009 78595
4298 81326
66744 70706
66971 70476
13307 41479
47574 24584
46951 71917
98937 11175
84018 10314
98640 42680
81931 15291
91741 27710
6940 8044
42337 95090
39483 83081
34215 46534
83725 44142
97437 64054
29321 49399
83862 9470
21991 27455
24551 34359
16303 40170
17706 38914
97665 13008
52998 90267
1889 114
11998 62960
52785 58595
75475 40205
15734 39776
11824 7723
58846 4273
40591 29920
89180 37883
41736 83068
47658 91003
65582 91690
64431 56136
11662 56189
57356 52475
29831 6960
99900 90322
14420 75304
88305 65132
43774 74982
51127 5876
54226 86793
10833 17310
33227 61135
57373 50677
37028 48654
87705 92435
56037 95366
69380 52698
17959 21247
11825 38645
38571 66079
69961 5437
66768 8258
77750 25759
29905 94134
24341 66287
88701 44089
44178 91101
80259 52959
90638 94327
85323 43545
3273 96109
18223 27839
90156 63388
94177 96763
30983 49951
59075 83873
47923 45815
74127 35403
50434 82391
88068 23068
17110 8531
81908 66130
75340 3546
99988 2173
94749 14649
84489 53794
78973 55337
73813 4700
57368 92963
98856 40846
74114 71690
84687 25240
32326 6586
79880 36703
13404 72020
13601 29846
55927 58257
2596 37190
43435 51372
10811 54488
7667 85121
26369 52575
18154 68048
74587 31968
28624 21027
69660 93944
84079 21553
33811 57679
72260 20714
13613 30197
6671 20231
10783 67768
15917 76044
37984 71090
7048 65910
59708 66898
54511 55363
10083 22186
84416 12015
23465 52884
99530 12759
84446 21979
27575 73965
78378 35637
70526 17701
56633 82427
23117 64223
3305 73538
28303 17367
57327 52419
16204 12844
11893 94619
97800 5581
91668 9191
49374 18329
69568 80258
35109 58031
39290 80469
29585 42240
57256 25299
2157 94047
79274 65098
26174 34444
24940 85592
67904 53320
74827 92963
28303 99665
28501 45947
93211 40427
95514 19603
25376 11707
47447 27110
84220 3834
44870 58228
67122 73093
84652 75032
78935 91043
41177 50146
1525 10326
76451 60668
53124 70300
95468 16187
32291 41093
73954 9962
73075 26195
55244 72267
4037 93562
58871 72868
96527 82803
71764 18281
91749 48655
27752 51263
39730 94091
86836 51367
7584 51626
65121 43797
75174 2364
79598 61214
47984 47704
8689 30011
83206 85823
87001 60183
21269 46023
26404 98842
30 5935
65789 31046
18119 1278
76907 83793
41908 50035
23339 70884
67719 74990
98011 1553
98144 18630
32945 31627
61174 25335
89345 89276
22608 22358
21980 99192
61087 28046
61880 24954
88819 67633
31075 92294
16489 1127
77217 14697
80752 24041
56955 72462
75881 3257
82734 49670
92924 11591
1941 34669
52954 8304
23978 57665
21545 91249
88623 5713
80722 47280
31279 88888
8848 36959
37800 98949
25386 91148
50276 83856
6900 76674
82041 63424
77584 75451
55093 43242
23825 70098
16545 26237
1637 95157
97850 15136
8818 70901
3879 39324
53761 94947
28327 32636
4980 58473
9532 92737
22649 11982
64891 18286
8247 16272
36066 73772
43910 56179
16270 73841
11964 28661
73128 48881
27427 11839
18745 93559
10195 76882
7623 51755
86697 36872
50028 83562
67003 63500
57545 92031
92440 21278
89939 46346
907 86682
46115 42066
804 4603
89377 65159
19995 10257
63683 72057
32035 52391
9940 38308
33083 19379
71572 16405
3813 68142
18680 45445
20507 10965
31556 2852
51663 62959
55509 3347
53132 14775
16254 48957
9730 14560
1628 1724
90243 95043
67592 71434
21220 1215
52112 15146
98679 99866
45623 13653
98238 14976
98943 92672
28659 20126
48592 95913
57745 17531
72634 71140
78173 18057
58963 33745
90568 19556
22825 5031
64903 98973
40683 56651
88726 24296
66876 57808
62483 14226
72366 76502
54901 45043
3586 67436
87426 13672
95443 71715
14323 89315
70096 8605
23150 93211
19241 59672
62484 59243
85687 84506
71453 45652
57945 79893
62148 43583
21032 58780
36402 19694
42686 32945
22942 27586
11933 24318
20640 83670
90685 50051
27911 21059
3624 82656
8471 60670
6756 93174
97239 72925
71195 38409
10008 94105
74547 90217
90440 42890
3085 65037
52038 61854
49628 85718
16817 98310
47208 36775
62182 91022
29911 74854
41304 1147
48552 41202
7154 97086
3550 77848
2989 28198
9567 22673
87398 46347
15772 63166
20532 9806
37165 70376
50528 91963
11077 57864
92282 55964
16004 11516
97133 97534
36070 15233
57998 61942
80566 16781
23181 36027
48755 67899
59734 28288
90499 47431
27754 97593
4488 53251
4706 8289
95991 43383
95591 42013
6258 83239
31806 21307
92622 1944
63752 61787
26152 42310
41950 86365
99218 4952
98791 64660
56870 18315
43112 74540
47506 6521
98827 82920
87017 24515
11028 26026
25057 82729
65869 45960
90069 49344
99280 66322
27367 40049
17977 96478
70393 78802
6533 40796
34055 16011
77779 45354
81977 750
40778 48147
38124 65914
48479 90147
39808 9406
85049 36715
89275 65250
75711 36820
32351 56043
73500 34325
46455 52290
60816 65238
66418 35701
92869 1891
98808 27708
14101 82991
44832 95534
40410 92599
40677 63509
40449 26269
57295 43383
62952 94899
63299 2357
88367 73469
89962 17845
87812 71322
28519 51634
82959 29370
76160 35766
29660 44672
31955 17607
13543 91225
40524 26693
23687 83557
12487 89339
72846 65949
94728 47606
90492 74313
77330 21547
40483 84709
9650 72561
34559 80622
77372 52887
68400 24852
63710 46934
61979 39559
158 75485
24496 8245
64409 81386
79719 55680
70998 9926
99005 11761
58769 82901
979 66692
69158 673
91641 29738
17267 29946
41042 36991
64976 48540
56583 461
50736 51912
18410 41132
9419 25429
93818 31106
30324 7080
10162 75220
25326 62580
5700 62598
9456 50499
47332 72346
32798 79928
90359 73170
19115 79069
47678 52032
26313 38570
47914 81434
9400 8656
5749 62891
46625 70268
39807 43058
81720 66594
30060 55099
69409 99574
94105 57010
56226 27692
94287 56963
66615 12707
77725 35069
50390 99666
75863 82003
37413 39070
28675 87273
24650 60497
50169 31094
21038 50570
63792 24311
69675 9571
65746 15043
27644 6217
98986 54155
30248 44692
65606 38940
49406 78575
80954 96798
78605 24592
64481 60586
10661 61804
4049 88789
76880 14408
56830 48935
34476 2384
51534 66969
68591 69564
73304 1536
80893 18076
81983 14606
1262 52836
96510 13360
20908 60732
20308 28317
20665 64109
30249 2888
84649 55911
54447 75021
91109 30171
71829 12308
37512 14365
49647 48607
47112 45080
3609 62712
40159 89078
52356 71313
59266 27071
50419 8645
43 5012
49802 38778
2369 28596
77283 14811
45956 28320
53751 63574
33727 92741
16363 68903
84474 51299
4056 77700
24574 67718
4581 33097
99757 5564
51973 87115
16354 25342
66818 17160
68591 21189
98450 24290
66823 17328
62483 70326
82466 25282
29249 37158
59831 78296
12493 69044
44425 87579
10482 75290
42386 66631
13333 63982
44370 24026
66216 62720
38370 61686
33672 5003
61340 82663
21420 69758
43295 36884
60766 15562
13591 19058
5259 95854
42911 4780
59132 16885
37655 43425
66645 2515
15362 39102
50852 68109
32938 56213
77595 84173
65929 59035
83120 64672
30028 92715
52395 18386
95359 2559
48564 42363
3131 83796
38234 11947
83325 47388
93453 29828
85461 42040
88959 47129
97191 95660
92474 7879
69610 53436
41447 98031
48101 7759
66479 32628
58838 19413
11225 34435
7468 12172
38942 39322
5630 50119
35253 81880
31537 42850
84827 56751
18483 48544
74555 85492
72908 71766
43576 19469
1282 92451
20638 81741
38802 36187
56858 44338
56674 44312
16741 78500
56042 11519
46633 2453
9873 53862
86839 52272
2122 74463
65423 51405
39691 24421
1679 4753
57079 23189
68459 72845
68381 11530
41495 3225
79561 63771
26048 37377
98763 31146
31063 6220
22874 41393
15091 25600
92668 86306
51049 73539
38652 62621
54072 29956
80690 803
35164 50990
17112 11406
26704 44431
27029 30050
21756 69897
74456 34976
4148 40255
64494 54046
16924 87741
67346 64008
46179 97473
80061 40253
64074 66188
59195 74869
476 43881
38884 51364
43961 49991
62208 37579
86770 59151
52423 74858
92381 98265
7555 84739
54272 34661
92556 73007
81912 75419
29771 75369
37778 47789
49614 48671
41608 18099
42726 95583
65178 46970
3320 80415
87802 60849
72163 60744
66161 90795
97780 33133
94298 7532
22737 5126
53149 96539
59950 30825
56207 45644
88628 11725
50046 68505
59568 74308
50537 73727
16179 19866
31243 975
4367 40067
67297 89827
22962 58953
67958 14372
186 6678
71518 26194
26699 41051
16419 62763
13437 12811
50403 29873
54178 30315
80208 65215
5394 4855
97565 32037
21875 26606
41169 83633
28647 56136
29694 12669
5198 39446
7130 72071
73811 29729
30574 5207
62635 40790
68222 22605
82408 46004
43279 33465
60686 97304
70227 32907
26642 15305
54859 54893
73256 9017
54058 63970
50280 12675
68796 31779
20535 92478
36286 89270
35281 53201
85769 655
41486 79574
48805 41163
94429 71033
86596 9780
54987 67904
26043 47658
52105 89001
5748 82269
39127 74126
15389 7441
82076 27137
32683 98841
25658 93819
9427 52848
89499 67023
43141 69109
84561 14344
26268 18197
77745 47740
41346 49855
69915 81801
82349 332
19846 1302
68547 63330
87813 26664
29262 61496
5570 77164
78288 78446
80327 62571
20435 33820
68703 44040
42975 96628
11596 44106
53955 16132
90961 84534
56484 74234
41358 52173
89521 69311
18732 51307
10474 53745
11907 24379
57731 41438
34457 98834
24329 90718
52201 53833
78180 40010
47132 24759
32402 22586
55307 37824
60337 55494
25780 89829
64732 444
84053 9312
18324 3199
38025 21805
11615 56807
67388 5887
7137 76117
99236 92640
52880 47212
19224 64738
46308 6923
35726 51990
21338 86256
21753 65532
91415 33270
88205 75693
64222 3599
24678 36227
49260 10414
57857 41196
48068 31078
47674 53283
7833 3169
71827 87820
43404 324
44838 12605
15521 13079
99595 81155
12104 51771
91394 31677
50782 50163
23821 78741
77744 14171
41939 42871
90209 36825
18668 27212
96683 99397
53181 59208
67607 45754
80293 34478
12365 829
15486 25464
25932 65519
92663 54182
41927 88903
7436 18375
38599 66292
35584 74180
71028 78185
12992 42234
88361 82569
27153 67070
28239 44440
93693 53856
43757 69234
61408 62416
53807 88593
74488 83430
12486 8414
54805 51997
60257 25407
58215 929
36925 18259
72346 82024
42258 46347
67138 65217
91361 86308
92195 67773
79944 961
28497 76864
52 58441
6327 29775
89929 48098
96539 24452
87557 59509
79815 89728
7490 27597
85013 63773
70933 22762
69123 43845
36992 15569
18734 51710
46050 6529
83576 44816
49698 63586
91470 28932
11509 84599
27430 85748
90615 54423
38104 41859
25882 9546
286 68600
30646 67026
18269 45197
86736 31283
35775 42821
84041 48033
19861 24295
96 9849
48564 14885
20487 97696
96078 1983
4051 79810
25896 89203
15882 32205
20048 38480
29754 36007
31871 20952
10286 12683
39342 44358
67648 16731
69949 2786
77611 75226
79635 67242
19729 60062
45295 36057
34803 33454
40158 55327
37112 93701
50718 5843
38139 1072
79610 94643
19418 15677
64064 87719
89751 7454
20896 1026
91177 60199
75858 96371
47292 95530
24779 16223
79700 96373
60879 19175
1551 84149
79957 5097
25405 19117
80090 28812
67329 6766
46069 62688
57281 97858
8095 84204
18188 36528
28147 75747
29692 84637
50292 1081
39348 64624
27333 98632
36019 42179
42023 66916
61741 81384
5477 262
73137 54134
61089 1246
4189 82101
46125 78222
48301 45459
51459 3503
89089 10408
67805 33279
39607 17314
13843 2491
75776 16961
56878 52936
72250 38319
89587 99654
62924 52306
34332 60355
72919 57667
14501 65257
84742 47481
44913 14020
14591 84579
83224 43719
73138 33957
36757 63557
79133 84642
88797 15202
45661 64527
68899 45776
66318 42817
68822 9278
67976 97415
57793 64569
61551 19896
46901 94458
99155 84180
56247 79780
29558 10312
21064 1517
27596 57286
24072 77984
4415 38682
44669 53912
85100 41774
99287 5164
7945 12431
83435 99695
33418 55442
59903 84143
16460 11622
55488 69521
38976 50691
1004 43889
36301 73952
89332 42338
26921 63677
90772 68202
8667 34469
29671 53790
12487 46612
58800 62830
62757 16141
76934 40193
20697 78926
14292 86082
70499 24207
67218 18141
47039 11685
85312 64911
97438 59220
30040 88163
12972 4626
92366 8407
1896 5172
9374 20616
38516 96042
63827 60788
3814 93764
53169 62076
94979 25697
83605 42619
51047 60997
21435 44136
49312 32415
20746 27757
26579 82706
93366 20453
48780 75734
28029 78804
94141 74814
83569 77916
21543 96718
17492 89275
428 99592
26570 21630
58684 91794
43966 56506
17013 82701
15093 32071
36391 35615
10077 91226
94879 8381
18774 19273
61534 24789
66052 27992
12910 55834
13549 33401
24730 56353
3294 31620
35130 94803
2651 55351
49834 96852
67033 20479
4977 9404
53343 3360
70160 11966
99393 5800
54683 6221
11840 5004
9741 52802
6009 79761
2622 34083
32410 32127
3792 81823
59860 51691
46819 61356
86247 53230
47560 47461
55736 65353
56249 23850
11141 27045
43693 692
16174 93165
50833 19220
10597 4870
68849 78110
50044 5567
59732 3408
85285 64554
42815 19154
1135 27715
11181 16176
5827 84960
45311 98234
54951 52982
93186 2424
6249 5122
50876 23150
90468 49721
91286 97909
91316 14131
90398 64687
42316 92735
29391 9995
21890 2496
84249 32499
22141 44905
51214 40875
9485 92477
32649 24091
92804 94139
22826 77617
75636 53666
98063 87823
35665 96712
19985 94969
87091 3060
14659 75985
57749 99705
43418 38073
55887 6918
95641 79602
98679 46351
17874 31863
77817 12891
76689 46647
31593 6853
88556 55764
94692 37041
78355 64805
76088 47423
4753 10112
53211 85936
11779 32493
54870 49293
99263 80800
77631 35864
66461 6258
2545 72752
85138 91489
9953 23465
52805 82925
61333 26465
78737 45910
71379 64785
23362 46204
46893 20217
64773 53539
21745 26391
21338 1694
88618 53745
55519 16861
75501 60222
18339 38887
62020 71270
76262 33015
88316 68783
21120 11478
8120 32162
17816 62966
35119 65481
66239 92310
18961 68576
21129 97521
3061 29099
97347 2599
82188 12813
45782 88701
55297 44046
51620 25636
59868 81461
75716 2716
10467 58809
48934 65163
78190 30979
17213 28724
28861 88514
24148 90844
39485 46224
60227 20505
23054 65505
2593 36616
72844 6342
56067 77571
78487 22474
92192 59819
85945 48317
997 58170
90385 62651
61317 20520
84495 23709
23269 54456
78722 72938
82059 47392
44754 32476
93717 99624
66222 1830
7292 3254
66734 25563
5160 78443
53938 99224
48829 88342
88130 65731
20920 15817
10722 78450
84837 12559
47922 56366
95438 57109
74103 83210
804 82283
51044 10438
78010 56998
30999 33892
29348 89638
45852 77333
19769 55734
9932 33440
82263 19058
19916 80654
59223 89994
83365 58436
46404 58026
7041 33677
77539 39771
20065 13733
96127 9680
81076 77713
87749 37314
17621 44008
86598 71152
89767 56540
99380 87473
39211 63244
7129 93052
82742 29631
33427 72123
27891 30953
61010 55841
68027 32469
12399 45428
60326 98491
55493 7347
603 36111
99151 77191
86515 24387
40301 7148
21787 61205
92237 62463
53439 27167
44720 7501
77677 17554
77337 41231
21972 39624
76673 74262
35454 11192
76865 10864
63411 22465
74979 60416
52383 39606
11117 86894
68400 64185
87642 21808
40169 95551
86186 29360
64195 10349
56932 40079
10313 46436
55517 90984
35916 44312
41627 98086
10592 70717
19541 77689
96360 58701
32972 59575
72359 35026
57064 55689
59374 99540
39778 95265
71691 4361
44503 21472
20794 95852
49036 7776
6896 11399
97314 17350
81078 29742
20160 48429
85366 87831
27565 43275
75445 1807
14943 87225
24968 69925
74445 48071
56682 24927
64150 52597
53852 26818
69826 35008
77393 53
78579 96535
61068 40983
16784 364
35124 18797
99867 72845
67502 75054
21887 60517
24023 42162
96258 84312
6582 82644
51957 87233
98512 8772
18879 79314
76391 29211
81530 84612
93825 13402
17217 41739
53459 63554
29933 9192
98906 84877
28781 35346
64139 19699
75335 10932
76239 69045
20679 36152
99250 50623
78555 94324
70352 15586
37099 62553
83637 10509
4004 21462
58912 14179
34165 63266
56037 14442
69909 6558
45027 18330
53281 34274
63943 90949
29524 6952
24590 33199
60111 42278
38007 38347
20134 61073
85975 64433
65557 16827
93564 91756
95578 79347
8799 24818
53266 94835
83358 43119
95365 8221
3769 29496
44259 80417
88582 52707
96907 33314
64005 63824
20336 1839
7651 81944
63971 83111
19637 10845
28506 63624
98381 57015
49304 23446
55261 25350
77044 46506
94105 7676
33334 77041
43428 80309
26280 56027
83868 95841
59325 28712
80058 56326
10556 12624
39677 94048
69686 80435
46619 13705
59344 31987
81550 84524
25979 67088
23755 35560
59554 16703
2646 66859
33660 96755
90691 99800
83529 8613
8705 69002
69437 30224
89243 7147
59272 11984
35638 63041
51416 28201
72155 70470
46558 18431
93690 2919
4685 40820
14128 3600
83920 86400
88175 58575
6545 2688
98154 80129
97501 16210
53115 26165
86463 8507
70025 32965
92466 46128
52051 99417
14271 95728
61058 64603
56570 41921
52179 64733
37481 867
617 95352
35756 81153
67865 88096
66818 3173
1584 12118
24268 70652
98829 92161
33485 75994
14112 32991
42899 58239
52533 22023
18939 76980
48022 34392
70832 84100
49417 36989
66257 64953
63002 19540
56029 18737
29351 60485
24176 39114
59563 46712
41025 72997
9195 3256
12832 80665
5115 70545
13957 74371
22447 42093
53944 75666
48406 59208
71581 73780
26116 82077
77451 34013
40523 95422
32162 8591
5659 65865
29204 80196
53580 31831
29064 15439
86919 70353
69417 86255
45239 96658
73783 80221
97953 91730
44871 31009
79476 26706
75670 92749
1000 45697
20161 80650
81574 18656
16433 29596
19883 18563
26724 92985
42005 12969
46630 33098
62727 14149
15897 41966
34953 86975
89260 21559
26287 32079
58852 10242
49656 80369
67971 82972
57365 20646
18290 50113
93066 17796
10622 65764
95109 69060
29280 88628
56469 15739
49204 33831
1371 58812
59387 31840
97480 60819
27650 25563
25777 69180
60513 27525
49060 7814
22422 92941
32309 1827
84810 44366
21612 36221
59613 76604
43208 66869
60008 86239
56847 58677
24109 19580
25337 85288
89226 52881
47354 44745
38507 24216
62408 13684
80890 72610
93183 61104
41660 19645
36611 99926
60710 14937
55286 66122
66699 23222
5965 41044
93156 18108
84366 1911
55862 97736
70750 34121
16153 44503
78651 66760
73223 95908
65802 30337
50506 75681
99153 21918
30736 45437
60314 77262
72775 14844
25011 52145
90490 36758
24901 13258
43954 56637
13131 81403
44191 60214
78627 94216
70042 97055
13867 32103
95751 52198
90054 93545
40795 11778
64221 5667
95221 2748
42612 2282
18429 9111
85544 19992
92508 85674
50840 8744
10377 16947
89543 66670
84879 83206
98863 39125
60769 28953
5138 79101
77817 44829
69813 35266
61189 94394
41547 93792
81179 80536
24258 504
46123 4351
4245 31000
64631 33443
58856 85632
46743 60467
40130 5828
73086 80822
27929 79059
87643 1599
71321 59693
88614 74357
67473 1271
38630 34269
32108 44605
80025 38859
23788 55637
87830 10219
94797 17779
34484 36010
95003 46410
68778 72714
53117 8238
20401 54682
73257 92849
49801 86344
13772 31116
90440 61079
71706 96256
93267 81472
76289 85170
32502 70665
16599 84384
76350 1665
51500 71406
20942 17883
51454 85188
850 16163
23315 67141
42450 55133
48444 2480
74300 65857
95034 79962
36489 81442
28619 39369
66515 21914
25480 62091
76475 29322
63104 37714
28210 81580
98046 11338
16057 75552
58800 67052
2091 25675
69584 90519
28794 67464
98497 10548
90999 20038
1064 61643
54614 56341
53115 33141
15427 6834
49080 24492
79341 41322
73713 22170
65694 35524
38654 31428
59141 2394
53302 20977
77050 9103
69395 51223
22193 79087
8663 46206
95583 81540
17063 23449
92176 73556
2592 46718
22525 98313
27777 56209
56633 53209
24214 93496
61599 38310
86347 643
17055 54803
19263 48580
24555 62705
78380 40015
64390 46672
23137 19304
80739 67965
99761 74962
89660 50404
99935 93319
48700 55111
10801 53230
20859 22424
91099 84829
53662 75121
13934 39152
76192 71482
7018 82236
43266 12790
68938 44434
33403 4351
922 11738
39117 66094
50629 79762
35221 53259
76206 38367
76425 16647
3713 36087
52450 36759
41070 71858
71679 72370
11810 29786
55844 73517
88656 11772
42440 68482
59468 68330
67516 62128
90036 39952
46792 37080
72699 87806
64498 12807
34844 17739
94158 61750
74781 65257
28902 83808
316 84263
8115 97463
98470 65455
49853 82972
65710 27433
47355 48072
46820 99414
19068 96431
34939 20421
75416 38662
57828 85838
65413 72939
21373 90692
77506 76572
93280 24482
7665 49708
93994 89310
45360 59760
75912 95823
63429 80498
29579 1053
70824 2286
7773 42513
48382 99907
94147 55459
44477 18212
10645 57492
95695 88775
98492 25267
65222 20323
74518 18350
89237 9813
3373 96492
70401 13465
7369 85051
59016 62970
82707 67390
87176 44112
8296 34374
82391 98137
68554 77165
35540 372
14796 98067
19646 72158
97661 58176
79714 71188
17489 90250
33916 21501
54125 43913
59488 50464
46296 49492
28426 19597
82978 87987
53661 81321
98217 18540
54319 54330
51191 78438
11215 96422
19027 69511
62625 15809
14181 26091
45177 48617
69929 87707
18513 18415
40648 59447
80420 97354
34772 45114
67939 40992
1445 26992
56113 58214
85098 18049
9197 76875
11810 81525
51999 50781
67423 94236
10938 72665
99480 28478
89817 47118
9417 81263
70220 41655
65330 84444
73687 51038
94510 74725
22015 87207
77835 6726
51510 9310
30878 12093
93487 95599
6245 8398
49534 71085
77654 26137
96749 13440
12597 7814
37658 87450
52931 66205
19861 7403
39348 78479
49896 7573
85960 92393
82829 19509
15206 8206
99050 37035
76491 27236
93272 34522
54805 1227
71249 32027
3043 22355
5971 58370
61370 8534
29380 89772
28943 50245
43185 60385
55098 50160
26181 93693
52461 82869
66631 33368
44970 36782
21980 98244
30928 76790
69381 85452
11255 69763
31780 56222
29381 13945
79236 1294
90682 70975
15024 59268
76792 5371
6618 71179
2819 72344
62184 32245
68337 50495
57615 47127
56956 14168
57427 68523
74467 35922
60455 28342
61086 44342
54143 64496
25321 64606
12156 17567
55893 45721
46060 5354
64987 73328
18186 58299
91818 55538
68293 59337
20635 12603
56250 77072
62525 12943
7261 99758
2283 72548
87415 14028
20382 95616
12238 41854
31902 55993
92180 25583
42162 6154
93554 92924
8966 917
92125 27796
1542 25273
66645 29491
2040 2705
71347 18727
80882 44765
671 56992
60040 88532
89688 81431
40592 24637
45194 24478
82554 18569
79446 21035
64091 86418
63797 98136
3989 84872
88205 94266
36635 39298
96691 44644
87451 18750
3825 87021
6863 66809
11870 76220
21757 21825
37534 62312
13783 71150
642 42055
5312 4312
65185 46896
46502 3006
63063 62538
4216 3617
57365 53273
99406 89463
92160 37410
87351 80764
53286 92025
55211 59038
4811 70564
38857 49077
19715 15054
26315 37797
62004 29175
49764 82133
66681 47789
88401 83229
32125 16914
64552 69012
91449 6226
78646 60663
68829 62252
21960 85764
24722 45429
76669 27344
93526 83344
88480 80118
48638 13417
1334 3189
56321 27835
458 36030
53287 29140
65811 12136
82430 93750
67811 81336
62755 1765
74690 6029
86974 63273
83471 95829
41778 87596
87408 47040
45301 92862
5443 5193
7663 56499
6824 26272
47848 24345
74173 57357
2786 44117
39941 31289
21905 45989
89641 57946
21101 13397
50407 43336
53879 80737
43577 67700
1690 42510
53322 89007
39779 26856
13282 63793
40131 84394
77582 37017
21021 7025
799 60357
26614 32115
18296 47867
12783 51839
21937 2754
69710 13300
96468 9547
61069 19503
71053 42582
79876 43332
63125 61115
43711 32697
5288 1338
81351 63139
94829 51322
8151 38449
81684 33867
97536 51267
28793 46469
89430 71936
88020 86929
30444 29170
97722 696
81333 73094
1810 72493
67060 26596
46269 90165
59429 53856
22244 12047
77229 70258
86827 28562
4070 45095
51120 45775
66210 59470
1355 57035
63173 99386
32722 3926
17810 89330
68009 36595
71066 73130
78787 45546
88534 9001
99282 6360
33746 88904
82240 96524
86229 14099
29265 62639
6333 99289
86607 29581
91925 56433
71906 29667
82974 46537
29324 28318
59358 94248
81565 92538
11464 11136
1764 18265
77020 54324
60095 89685
70114 68637
55160 26522
37772 31585
55499 43715
41353 65571
59319 37739
43666 71651
29539 44138
80854 32551
98946 18040
60098 68307
94697 10316
89962 87295
34949 42897
61751 57000
3608 20712
94596 28130
91953 22778
96651 39648
66559 21915
90603 34662
63504 10925
86381 80581
72466 60139
96451 43675
45468 77974
56273 61919
79714 23889
27242 12148
26445 59390
39376 37435
8032 244
64546 85303
54160 85477
76502 73602
10644 93226
36603 47727
69918 79543
50324 33656
65549 60816
44961 47805
88281 50778
29935 13728
46600 74045
45557 29541
83735 82073
39175 89774
58837 71212
44422 1230
69395 87256
18794 98255
27488 27504
94301 81582
35301 82730
66564 67238
2655 47564
58439 28107
11798 74158
64055 80525
60843 28289
13849 21106
73866 32153
8587 29858
94238 68383
42653 63860
72754 12182
69839 40449
50583 29634
12835 34592
96478 5471
3820 3461
94137 43466
42337 6129
20949 77319
74242 45728
30511 98101
42942 9943
47822 23661
7092 51143
74881 49425
73815 20585
61805 49046
10900 67867
80743 4674
30129 13133
65649 60419
65627 81612
68157 36263
65627 41144
1232 84917
58864 19809
309 291
62985 89736
27300 17542
63646 86392
75501 57072
90478 84346
40143 96654
54614 66077
58432 59881
56605 56909
59754 13127
96822 82635
86633 13783
61017 90326
90995 29544
79147 60945
16775 98371
876 32345
92236 93503
85486 37455
77913 84697
75479 38261
81452 3262
75799 18742
64951 517
82222 12793
70561 52997
30159 43517
74965 46650
31661 15168
34652 77104
8654 85881
8236 49029
18840 90368
89948 79982
62579 31000
3751 64544
8830 70463
41281 99655
38676 77276
61445 40945
76720 50348
90865 22489
22841 98160
18797 3756
22719 83742
34190 78453
25684 94511
78860 57727
13172 88449
18955 827
66843 27269
97678 11915
18507 36444
76296 18965
61008 78164
21294 54753
76957 53676
25742 19562
19806 28012
39697 35339
85450 47683
37979 4839
84028 50730
89756 96192
22087 95904
4750 72129
5301 23305
31323 95108
62057 57984
85776 85023
69458 72918
25548 55407
94684 25734
65212 47669
23136 13656
65364 34084
13347 27564
93586 68869
60746 49876
79530 26039
92932 64181
44907 61876
90428 66051
49776 58939
6378 25611
58707 3355
82687 7505
19314 95535
88393 50027
86491 63622
96652 71008
59071 51743
67829 11949
56025 57021
55977 73398
57609 60526
47585 90489
82179 2220
98868 66591
79544 61518
23229 10015
50111 4742
3104 3537
98607 89852
90818 78170
60766 70198
35033 72121
73242 94551
95112 4892
83177 52432
88988 87672
13750 91964
53448 87528
20952 17305
45021 44781
57072 23290
29104 79931
98466 43531
28925 27038
17460 56153
92312 36443
34192 29152
85542 67527
82924 7808
30200 49719
13798 36680
47077 41818
11630 90319
19416 6626
48713 55665
13884 89815
89679 4734
52103 20216
26824 76484
12888 61601
54864 22240
86694 37382
98634 77305
9334 86543
98321 44395
19527 6430
74662 46797
48388 1560
84870 62742
30320 49492
84069 96152
80019 79353
5975 77129
73327 13024
66714 78386
80306 23039
92156 33998
4570 59208
9516 96402
86701 3174
89227 29599
74815 46896
8059 3416
82778 34814
4150 73623
66807 9394
1043 97464
25914 63747
68521 99058
74728 56369
30256 28620
37173 60826
79581 17620
42187 44954
17207 65559
61305 62375
6575 74814
19481 37588
24554 73126
18780 34765
72427 5028
39767 8552
46980 96711
31311 60298
70328 73811
82655 842
87650 96031
79259 90405
5606 69787
69299 76296
7404 933
65723 13025
72285 10976
69005 62337
83625 44845
29377 13536
6661 35759
26690 14149
16038 51973
68709 71826
16845 42946
6155 2672
21711 13087
49575 70806
83740 60518
47199 45300
72591 69351
70935 24439
29983 37782
98655 37380
72190 43956
15618 7603
79276 58170
31670 5096
3754 8880
99832 20598
11797 33579
23295 46155
61487 55247
47482 60192
41726 76748
45156 39796
69036 59195
52142 25695
31305 36807
43229 52285
17207 78410
15044 80220
57167 54976
54796 69998
22229 57381
23552 49448
209 51071
54635 30118
7077 13499
40530 8355
37639 65610
76721 39728
68001 9048
5817 60032
89803 75399
28875 40317
61131 50115
82035 87763
93760 93002
28438 69092
33760 33592
94257 27999
55617 5747
55884 19198
95835 89759
67493 63889
81185 36707
4194 70116
62138 66508
70631 39202
72918 97092
45769 46870
11026 39565
93773 19259
63228 62254
6534 32232
76250 26282
23092 11009
16380 66808
46851 52288
50040 42910
23988 33979
30728 72581
67910 47415
33873 1809
13274 52547
55302 91608
8266 38879
83721 50656
50623 89963
39546 56581
47341 90050
7261 15013
5041 37836
65555 44883
69858 28592
19307 41782
93337 46272
53945 59900
54155 73325
37671 33016
86310 62584
70827 65717
68266 70908
86048 61067
62257 16470
906 16224
9250 8450
1180 37069
14841 2207
23301 98060
8571 21676
63420 25292
49535 58797
37547 81219
11464 4935
56393 19879
32489 4615
62273 64190
86690 44354
31038 29038
3585 26819
43126 25947
81704 43817
12981 62890
79837 28632
32326 41314
99966 48102
6044 4841
24907 2348
78592 87230
9814 88428
24251 281
9423 49679
14472 86209
94203 74056
63419 93563
56975 87149
16983 7704
91414 29217
45866 94927
48265 43564
60009 33860
76211 25533
50330 29100
40726 92060
6448 42715
1883 21354
45728 33092
70757 62733
65356 95714
5435 97954
43594 18993
87567 22736
24986 88148
4848 54118
8816 58609
24944 87664
92128 61069
29332 47747
26712 6048
63199 76441
22273 96279
43118 78448
22953 80331
19833 37591
86578 44135
62441 10155
49009 81698
76589 13842
42437 8084
68237 22974
43977 79355
45600 54219
29041 77493
48292 14225
12013 85105
30991 55899
10622 63969
26542 94797
66210 81768
78245 59382
91312 73828
12958 30487
13267 7866
35545 88861
36270 70483
8496 69266
24658 20639
32947 84684
24488 52158
50908 55928
20454 3164
36499 81027
19626 63028
1355 66718
32744 12612
74131 68481
44890 59427
28452 34168
97964 28460
87710 38460
47810 59902
13420 46581
32743 46508
60168 15228
79914 67174
69678 7873
15689 47451
12740 45302
64603 91131
63266 55088
37550 15042
88516 58455
70281 8474
39027 15483
22728 66581
40416 75601
18943 8641
80550 87892
43182 98081
11855 66920
59976 31981
56885 84913
19301 73913
22781 60527
80769 59669
83239 19360
85904 59879
65161 2388
37017 9650
69397 45759
58765 4582
15629 87478
19250 75214
72209 29080
12564 93491
1064 98671
74176 48232
73902 72226
71876 4740
56282 71804
97220 77523
33534 44759
47512 32242
73192 49985
78897 10290
44346 98008
69878 52161
69321 12065
82956 87993
2886 54529
36093 28763
91996 65757
45562 62622
59485 98749
79703 79842
44429 83296
82197 45161
17990 95358
80593 37504
16574 80917
41183 47620
36910 18425
90647 27366
72889 88931
11878 89585
7220 88213
79335 60601
41266 38234
25501 22538
65112 57786
47663 95210
59439 87986
78187 98016
85686 45498
11300 18349
24106 88098
47167 25082
91368 54016
44866 68626
38015 29497
2957 27077
40002 26994
89854 26300
68142 53717
63968 89417
26718 48749
50987 9745
45083 63772
64545 53091
98666 46146
69290 88593
94104 64682
92969 30657
46125 16166
51136 63724
50687 44792
47064 22361
53245 90800
87970 80013
19251 60777
97460 44378
20727 945
51803 9719
12633 55431
74215 25782
9846 79463
5858 97234
28055 58457
50769 93549
94261 29761
84908 50145
51124 69866
91544 4530
11141 24985
77798 70293
34472 12876
16769 42693
25193 18568
69984 69865
88408 57457
32105 54133
58201 53335
27567 45553
17901 68722
29558 49663
76979 81617
89668 65356
7418 65965
92891 24642
82006 74005
88269 88784
64676 57186
66152 84342
61288 60357
14833 59791
75675 39451
7587 78689
70718 84482
33486 11632
73746 954
87184 43662
97253 47663
96327 42196
75236 52172
26714 21562
80029 44097
15124 89730
31225 47809
18229 60078
92170 15720
94925 35483
91328 61060
67931 91355
85910 39734
59415 73636
67508 7617
52537 78905
13724 21909
21057 63103
11513 57991
29035 76474
99398 37981
22817 34485
87816 49688
10004 99687
53810 69192
10043 38033
84015 79291
89645 31148
40367 64069
52482 1968
72854 84872
82174 11473
58187 1800
87560 81471
45022 38942
66066 70398
22939 59115
65967 85534
75515 66183
73885 38183
44666 41793
36197 24075
63413 54706
45190 80444
64101 60712
12214 74178
90300 63721
99392 47497
97838 31350
14654 84783
14448 67537
82934 29397
89262 47164
92042 7950
54494 26977
90170 46565
