1000 1400
1 1000 2 999
300 301 1
301 302 3
302 303 3
303 304 2
304 305 1
305 306 2
306 307 2
307 308 1
308 309 3
309 310 3
310 311 2
311 312 2
312 313 1
313 314 2
314 315 3
315 316 3
316 317 3
317 318 1
318 319 2
319 320 2
320 321 2
321 322 2
322 323 2
323 324 2
324 325 1
325 326 3
326 327 1
327 328 3
328 329 2
329 330 2
330 331 3
331 332 2
332 333 1
333 334 3
334 335 3
335 336 1
336 337 1
337 338 3
338 339 2
339 340 3
340 341 2
341 342 2
342 343 2
343 344 1
344 345 2
345 346 2
346 347 2
347 348 3
348 349 3
349 350 2
350 351 1
351 352 2
352 353 2
353 354 3
354 355 3
355 356 1
356 357 1
357 358 1
358 359 2
359 360 2
360 361 1
361 362 3
362 363 2
363 364 2
364 365 3
365 366 1
366 367 2
367 368 3
368 369 3
369 370 3
370 371 3
371 372 3
372 373 3
373 374 3
374 375 3
375 376 1
376 377 3
377 378 1
378 379 2
379 380 1
380 381 3
381 382 2
382 383 1
383 384 2
384 385 3
385 386 1
386 387 2
387 388 1
388 389 1
389 390 2
390 391 3
391 392 1
392 393 1
393 394 3
394 395 1
395 396 3
396 397 1
397 398 3
398 399 3
399 400 2
400 401 2
401 402 2
402 403 3
403 404 2
404 405 3
405 406 3
406 407 1
407 408 3
408 409 3
409 410 1
410 411 1
411 412 3
412 413 3
413 414 2
414 415 1
415 416 2
416 417 1
417 418 3
418 419 2
419 420 1
420 421 1
421 422 2
422 423 1
423 424 2
424 425 1
425 426 2
426 427 3
427 428 1
428 429 3
429 430 3
430 431 3
431 432 2
432 433 3
433 434 3
434 435 2
435 436 1
436 437 2
437 438 1
438 439 2
439 440 2
440 441 1
441 442 1
442 443 1
443 444 2
444 445 3
445 446 2
446 447 2
447 448 2
448 449 1
449 450 1
450 451 1
451 452 3
452 453 1
453 454 3
454 455 1
455 456 1
456 457 3
457 458 2
458 459 3
459 460 3
460 461 3
461 462 2
462 463 2
463 464 1
464 465 1
465 466 1
466 467 2
467 468 2
468 469 1
469 470 1
470 471 1
471 472 3
472 473 1
473 474 2
474 475 2
475 476 3
476 477 1
477 478 3
478 479 2
479 480 1
480 481 2
481 482 3
482 483 2
483 484 1
484 485 3
485 486 3
486 487 2
487 488 1
488 489 3
489 490 1
490 491 2
491 492 1
492 493 3
493 494 3
494 495 3
495 496 2
496 497 3
497 498 3
498 499 1
499 500 1
500 501 3
501 502 3
502 503 3
503 504 2
504 505 2
505 506 2
506 507 1
507 508 3
508 509 2
509 510 3
510 511 2
511 512 1
512 513 1
513 514 3
514 515 2
515 516 1
516 517 1
517 518 2
518 519 3
519 520 2
520 521 1
521 522 3
522 523 3
523 524 1
524 525 2
525 526 3
526 527 2
527 528 1
528 529 1
529 530 2
530 531 2
531 532 3
532 533 2
533 534 1
534 535 1
535 536 2
536 537 2
537 538 1
538 539 3
539 540 1
540 541 2
541 542 1
542 543 3
543 544 1
544 545 2
545 546 3
546 547 1
547 548 3
548 549 3
549 550 3
550 551 3
551 552 2
552 553 2
553 554 2
554 555 3
555 556 3
556 557 3
557 558 2
558 559 3
559 560 3
560 561 2
561 562 2
562 563 3
563 564 3
564 565 1
565 566 3
566 567 3
567 568 1
568 569 1
569 570 2
570 571 3
571 572 3
572 573 3
573 574 1
574 575 2
575 576 3
576 577 2
577 578 1
578 579 3
579 580 1
580 581 3
581 582 3
582 583 1
583 584 2
584 585 1
585 586 1
586 587 3
587 588 2
588 589 3
589 590 2
590 591 3
591 592 2
592 593 2
593 594 1
594 595 1
595 596 1
596 597 3
597 598 1
598 599 1
599 600 2
600 601 3
601 602 2
602 603 3
603 604 1
604 605 2
605 606 1
606 607 1
607 608 1
608 609 3
609 610 2
610 611 3
611 612 3
612 613 2
613 614 2
614 615 3
615 616 2
616 617 1
617 618 1
618 619 2
619 620 3
620 621 2
621 622 2
622 623 1
623 624 1
624 625 2
625 626 3
626 627 3
627 628 1
628 629 3
629 630 2
630 631 2
631 632 3
632 633 2
633 634 2
634 635 2
635 636 1
636 637 2
637 638 2
638 639 3
639 640 1
640 641 3
641 642 1
642 643 1
643 644 3
644 645 2
645 646 3
646 647 2
647 648 3
648 649 3
649 650 2
650 651 1
651 652 3
652 653 1
653 654 3
654 655 2
655 656 3
656 657 3
657 658 2
658 659 3
659 660 2
660 661 3
661 662 1
662 663 3
663 664 1
664 665 1
665 666 1
666 667 1
667 668 2
668 669 2
669 670 2
670 671 3
671 672 2
672 673 3
673 674 1
674 675 2
675 676 2
676 677 3
677 678 3
678 679 1
679 680 2
680 681 3
681 682 3
682 683 1
683 684 2
684 685 1
685 686 3
686 687 1
687 688 3
688 689 1
689 690 1
690 691 3
691 692 2
692 693 3
693 694 1
694 695 2
695 696 1
696 697 1
697 698 3
698 699 3
699 700 3
700 701 1
701 702 3
702 703 3
703 704 3
704 705 3
705 706 3
706 707 2
707 708 2
708 709 2
709 710 3
710 711 1
711 712 3
712 713 3
713 714 3
714 715 3
715 716 3
716 717 2
717 718 2
718 719 2
719 720 3
720 721 1
721 722 2
722 723 3
723 724 3
724 725 2
725 726 3
726 727 2
727 728 2
728 729 3
729 730 2
730 731 3
731 732 1
732 733 3
733 734 1
734 735 1
735 736 1
736 737 2
737 738 1
738 739 1
739 740 3
740 741 1
741 742 3
742 743 1
743 744 2
744 745 1
745 746 2
746 747 2
747 748 3
748 749 2
749 750 2
750 751 1
751 752 1
752 753 1
753 754 1
754 755 1
755 756 3
756 757 1
757 758 1
758 759 3
759 760 2
760 761 2
761 762 3
762 763 1
763 764 1
764 765 3
765 766 1
766 767 1
767 768 2
768 769 1
769 770 2
770 771 2
771 772 2
772 773 1
773 774 1
774 775 1
775 776 2
776 777 1
777 778 1
778 779 3
779 780 3
780 781 2
781 782 3
782 783 1
783 784 3
784 785 1
785 786 1
786 787 3
787 788 2
788 789 2
789 790 3
790 791 3
791 792 3
792 793 3
793 794 3
794 795 2
795 796 1
796 797 2
797 798 2
798 799 2
799 800 3
800 801 1
299 300 1
298 299 3
297 300 1
296 297 3
295 297 1
294 296 2
293 299 3
292 299 3
291 298 2
290 295 2
289 294 3
288 291 3
287 295 1
286 291 3
285 300 3
284 299 1
283 298 3
282 283 3
281 287 3
280 289 3
279 291 2
278 299 1
277 289 3
276 279 2
275 286 3
274 277 1
273 289 1
272 293 2
271 293 2
270 297 1
269 281 2
268 278 2
267 289 2
266 288 1
265 283 1
264 286 2
263 268 1
262 290 2
261 298 2
260 279 3
259 284 3
258 297 3
257 297 3
256 273 2
255 299 3
254 257 3
253 261 2
252 270 3
251 287 3
250 267 2
249 288 2
248 283 3
247 295 1
246 250 1
245 288 3
244 272 2
243 287 1
242 297 2
241 269 3
240 258 1
239 267 1
238 247 3
237 293 1
236 237 3
235 236 1
234 288 1
233 254 3
232 242 3
231 241 3
230 266 2
229 266 3
228 257 3
227 234 3
226 243 1
225 280 1
224 273 3
223 260 1
222 256 3
221 242 2
220 235 3
219 220 3
218 293 1
217 261 3
216 289 2
215 260 3
214 284 3
213 259 2
212 257 1
211 259 1
210 273 1
209 220 2
208 232 2
207 224 2
206 286 1
205 229 1
204 300 1
203 284 3
202 255 3
201 268 3
200 298 1
199 284 1
198 251 1
197 208 3
196 217 2
195 200 2
194 234 2
193 239 1
192 245 3
191 282 3
190 223 3
189 211 3
188 297 2
187 281 3
186 225 2
185 225 1
184 216 1
183 234 3
182 233 3
181 225 3
180 290 2
179 267 2
178 215 2
177 244 2
176 208 3
175 274 3
174 188 3
173 186 2
172 256 3
171 219 1
170 258 1
169 195 2
168 229 3
167 181 1
166 200 1
165 230 3
164 226 1
163 281 2
162 201 3
161 173 1
160 235 1
159 269 1
158 160 1
157 188 2
156 238 3
155 188 2
154 209 3
153 224 2
152 259 2
151 296 1
150 176 2
149 294 1
148 285 1
147 206 2
146 238 2
145 288 3
144 293 2
143 227 1
142 166 2
141 201 1
140 242 3
139 225 1
138 209 1
137 269 1
136 172 2
135 298 2
134 264 1
133 295 2
132 241 1
131 240 2
130 133 2
129 200 3
128 294 2
127 226 3
126 222 1
125 145 1
124 206 1
123 142 1
122 139 2
121 166 2
120 198 1
119 261 3
118 187 2
117 177 1
116 229 1
115 207 1
114 149 1
113 167 2
112 155 3
111 155 1
110 189 3
109 183 2
108 174 3
107 142 1
106 170 1
105 111 1
104 200 3
103 259 2
102 300 3
101 178 1
100 211 1
99 195 1
98 113 1
97 299 1
96 98 2
95 230 1
94 287 1
93 293 1
92 241 2
91 283 1
90 276 2
89 225 2
88 174 2
87 180 3
86 253 2
85 155 1
84 202 2
83 144 3
82 300 2
81 274 2
80 114 2
79 137 2
78 215 1
77 93 2
76 86 3
75 200 3
74 290 3
73 154 1
72 258 2
71 222 2
70 125 2
69 269 3
68 74 1
67 83 2
66 142 1
65 165 2
64 74 1
63 140 2
62 117 1
61 246 2
60 220 3
59 105 2
58 155 1
57 182 3
56 235 1
55 193 3
54 121 1
53 269 3
52 223 1
51 101 1
50 169 1
49 112 3
48 257 2
47 255 3
46 185 1
45 75 1
44 288 3
43 168 3
42 280 2
41 120 3
40 45 2
39 148 1
38 211 2
37 231 1
36 65 2
35 122 1
34 234 2
33 44 2
32 128 1
31 148 3
30 253 3
29 243 1
28 269 1
27 163 1
26 81 2
25 300 2
24 81 1
23 274 1
22 132 2
21 220 3
20 83 1
19 190 2
18 156 2
17 29 3
16 291 1
15 194 1
14 165 3
13 205 3
12 91 2
11 228 2
10 58 3
9 295 2
8 169 1
7 179 2
6 253 2
5 244 2
4 162 3
3 89 2
2 199 1
1 106 1
802 801 1
803 802 2
804 801 3
805 802 2
806 802 1
807 804 2
808 805 1
809 808 3
810 801 3
811 807 2
812 809 3
813 812 1
814 810 2
815 807 3
816 801 2
817 812 2
818 805 2
819 809 2
820 806 3
821 810 1
822 808 2
823 808 1
824 814 1
825 808 1
826 810 2
827 816 3
828 803 3
829 813 3
830 801 3
831 819 2
832 826 1
833 807 1
834 831 3
835 805 1
836 830 1
837 815 2
838 827 3
839 838 1
840 820 2
841 836 2
842 805 1
843 836 2
844 814 3
845 811 3
846 809 1
847 844 3
848 835 3
849 818 2
850 849 3
851 850 3
852 807 3
853 846 3
854 806 1
855 809 3
856 804 1
857 815 1
858 853 1
859 843 1
860 808 1
861 820 2
862 821 2
863 829 3
864 808 1
865 817 2
866 848 1
867 833 1
868 835 1
869 847 1
870 803 1
871 853 1
872 857 3
873 840 2
874 813 1
875 848 1
876 820 3
877 820 1
878 849 3
879 843 1
880 847 3
881 825 3
882 863 1
883 836 1
884 844 1
885 865 3
886 842 3
887 820 3
888 812 3
889 808 2
890 828 3
891 816 1
892 859 3
893 887 3
894 813 3
895 888 1
896 847 3
897 844 1
898 892 2
899 885 1
900 889 2
901 882 3
902 862 2
903 829 3
904 810 3
905 851 3
906 845 1
907 902 2
908 833 2
909 898 1
910 852 2
911 822 2
912 897 2
913 867 1
914 859 2
915 812 2
916 913 3
917 804 2
918 832 2
919 862 1
920 909 3
921 816 3
922 909 3
923 828 3
924 923 2
925 855 3
926 854 3
927 923 2
928 908 2
929 902 3
930 837 1
931 888 3
932 803 2
933 856 2
934 855 1
935 851 2
936 924 1
937 817 3
938 810 2
939 891 3
940 927 1
941 811 3
942 939 1
943 810 3
944 854 1
945 928 3
946 912 1
947 817 2
948 914 3
949 915 1
950 830 3
951 814 2
952 926 3
953 838 1
954 952 3
955 941 2
956 833 1
957 941 1
958 838 2
959 852 2
960 825 3
961 874 2
962 906 1
963 844 1
964 934 2
965 842 1
966 804 2
967 907 3
968 830 1
969 961 1
970 851 1
971 911 2
972 848 1
973 848 2
974 934 3
975 876 2
976 856 2
977 946 3
978 940 3
979 842 3
980 828 1
981 930 2
982 955 2
983 914 3
984 965 2
985 918 3
986 892 2
987 902 1
988 953 1
989 878 2
990 821 1
991 835 2
992 850 1
993 983 2
994 840 1
995 862 2
996 941 3
997 892 2
998 967 1
999 808 3
1000 855 3
153 242 1
260 228 3
988 895 2
97 142 1
89 172 2
947 963 1
72 68 2
857 972 2
206 158 2
805 856 2
56 8 2
102 286 3
957 835 1
161 16 2
863 854 3
268 282 3
983 916 2
925 860 3
207 143 1
807 924 1
190 63 2
920 943 2
196 38 3
8 256 1
183 67 2
231 100 1
8 89 1
16 208 2
168 193 1
142 261 1
148 118 1
997 888 2
17 131 2
34 70 3
94 150 3
99 194 2
820 869 3
135 29 2
268 108 3
822 944 1
878 920 1
983 832 1
942 864 2
951 978 2
167 184 3
225 136 2
69 289 2
815 839 2
863 877 3
827 862 3
805 820 2
127 172 1
82 67 2
809 991 2
83 162 1
203 252 2
45 243 3
243 279 2
4 200 3
966 919 2
216 241 3
187 73 1
56 15 2
237 101 2
802 919 1
984 827 1
119 198 2
211 71 2
984 841 1
257 33 2
894 998 1
816 826 1
74 57 3
163 278 2
4 14 2
72 199 1
156 118 3
916 870 1
821 869 1
291 78 3
181 142 3
885 901 1
36 82 2
975 963 1
961 945 2
974 814 3
968 862 3
280 44 2
134 228 2
83 37 2
955 841 2
250 33 2
252 1 2
958 888 2
965 839 2
944 953 3
274 94 2
861 969 3
217 94 1
122 25 1
208 250 1
274 138 1
235 271 2
37 163 3
252 173 1
2 135 3
214 189 1
140 294 2
983 962 2
280 32 3
874 803 2
806 910 3
925 896 2
938 874 1
217 13 1
973 893 3
205 249 1
917 940 2
873 881 3
186 258 2
929 954 2
946 820 1
983 905 3
190 66 2
910 973 3
106 61 1
87 6 2
85 98 3
61 125 2
838 920 2
7 22 1
265 188 1
150 203 3
56 37 2
130 35 1
974 872 1
208 116 3
837 866 1
176 86 1
880 854 3
994 833 3
139 270 1
255 199 2
863 852 1
874 964 3
972 890 3
150 86 2
80 223 1
198 41 1
89 102 1
924 905 3
86 184 1
145 180 2
171 57 2
853 927 3
908 902 2
128 96 3
148 124 3
178 282 3
89 245 3
137 121 2
812 961 2
156 59 3
206 210 2
205 210 2
948 827 3
117 242 1
239 209 2
973 924 2
291 120 1
267 93 2
103 184 2
153 214 3
19 227 1
164 80 2
878 850 2
187 277 3
860 980 2
162 132 3
966 981 1
4 194 3
919 848 2
63 291 2
276 291 3
217 114 2
252 142 2
834 861 2
898 823 2
201 283 3
238 81 2
55 210 3
47 252 3
298 56 1
958 867 3
77 246 1
95 247 1
296 222 2
183 191 3
77 216 1
864 928 3
178 172 2
269 123 2
219 5 1
927 809 2
126 87 3
60 24 2
838 801 3
878 960 1
13 154 1
876 988 3
207 82 2
922 937 1
158 190 1
150 257 2
88 34 3
195 144 2
844 831 2
86 259 3
935 827 3
93 261 3
817 946 1
50 52 3
80 140 1
67 243 1
870 992 3
249 123 2
852 918 2
254 17 3
26 245 1
208 72 3
45 205 1
904 906 3
107 27 3
117 251 2
155 67 2
983 903 1
135 237 3
966 802 2
290 67 3
100 19 1
274 187 1
36 77 3
73 136 2
107 120 2
829 921 1
119 75 1
297 208 1
250 198 1
128 33 2
29 247 3
942 984 3
197 23 3
910 919 2
62 166 1
30 67 3
167 201 2
47 57 3
1000 827 2
46 141 3
252 12 2
861 839 3
105 104 1
41 142 1
932 842 1
196 228 3
88 168 3
297 228 3
972 921 3
925 998 2
77 158 3
103 217 1
168 254 1
898 882 3
31 245 3
848 901 3
160 292 3
123 100 3
882 946 1
990 976 1
174 6 3
274 72 2
877 997 1
298 112 3
833 887 3
171 273 3
38 124 3
102 116 1
79 188 1
915 921 1
819 852 3
181 245 1
247 200 3
930 899 2
56 178 3
197 284 3
246 52 2
973 935 2
109 168 1
882 981 2
924 933 1
857 865 1
836 967 1
50 47 3
88 87 1
834 836 2
914 946 3
83 269 2
988 819 1
196 136 3
24 147 1
214 134 3
932 945 1
941 898 1
78 167 2
170 239 2
183 289 1
287 192 3
882 935 1
84 18 1
245 257 1
906 846 3
65 245 2
88 128 2
914 982 3
136 12 3
861 891 2
276 34 1
820 822 2
110 41 2
85 6 2
862 834 2
162 43 1
921 877 2
186 101 1
928 839 1
34 67 1
910 977 2
181 211 3
119 123 3
983 909 3
811 818 2
202 86 3
279 230 1
948 897 3
93 86 1
34 274 2
25 145 3
114 146 3
865 883 1
909 831 1
295 300 1
915 838 3
116 179 3
40 241 1
148 182 2
218 19 1
107 155 2
181 35 1
839 817 3
907 941 1
241 48 3
39 282 1
802 852 3
143 225 1
87 68 2
804 864 1
67 38 3
249 149 1
100 49 1
278 93 3
157 203 1
959 985 1
816 991 2
150 175 2
924 850 3
104 238 1
225 22 1
22 37 3
873 847 3
916 963 2
262 6 3
41 167 2
293 79 1
864 885 2
158 138 3
202 283 3
146 177 3
136 240 3
296 245 2
858 834 1
885 877 2
113 115 1
280 219 1
2 215 1
64 124 2
108 229 1
852 861 2
248 186 2
924 869 3
168 91 2
871 971 3
