100 100
1 378632596
2 174392723
3 273564945
4 105245258
5 153442673
6 587546460
7 684704309
8 598870517
9 644032223
10 504552975
11 92357779
12 175512196
13 345164009
14 345935975
15 812469576
16 97362672
17 886163288
18 253518560
19 776623990
20 102189020
21 249467041
22 170674608
23 699817921
24 626481143
25 387228711
26 526150127
27 993982461
28 871738238
29 294620306
30 324361992
31 422792468
32 385434182
33 557592082
34 506803208
35 320975777
36 323232988
37 246014312
38 60990906
39 32291166
40 579192017
41 246690408
42 318358820
43 562476794
44 878796751
45 712870447
46 470140003
47 818432078
48 536748254
49 974737419
50 905775488
51 910231798
52 772017562
53 361685595
54 788438839
55 530102671
56 239769214
57 536339324
58 961522989
59 719315750
60 272419444
61 239271617
62 350104809
63 391167046
64 449890074
65 218407436
66 892086155
67 467259464
68 815906270
69 123291089
70 220882492
71 726431971
72 77016990
73 659083427
74 51886941
75 366564980
76 552886040
77 465940661
78 676609312
79 227881451
80 497137777
81 155674613
82 652247153
83 504429137
84 711775455
85 72264729
86 673105685
87 864895379
88 704430351
89 313140773
90 708242754
91 689669574
92 646128345
93 830912298
94 885974209
95 863792478
96 217806285
97 361132732
98 377302561
99 629275291
100 275884333
2 10 10
2 1 10
2 8 10
2 6 10
2 6 10
2 7 10
2 5 10
2 8 10
2 3 10
2 10 10
2 9 10
2 1 10
2 10 10
2 2 10
2 1 10
2 10 10
2 1 10
2 3 10
2 6 10
2 3 10
2 5 10
2 8 10
2 2 10
2 4 10
2 9 10
2 5 10
2 7 10
2 4 10
2 6 10
2 9 10
2 7 10
2 1 10
2 2 10
2 7 10
2 8 10
2 4 10
2 7 10
2 6 10
2 6 10
2 8 10
2 2 10
2 1 10
2 9 10
2 5 10
2 9 10
2 9 10
2 1 10
2 8 10
2 2 10
2 1 10
1 91 81 983278367
2 60 10
1 33 27 30047048
2 11 10
2 42 8
2 85 1
2 41 8
2 41 8
2 51 0
1 50 7 363533072
1 96 20 409495108
1 96 87 756196141
2 46 3
1 24 32 162479497
2 6 7
1 47 78 629888030
1 7 87 793541140
2 83 9
2 45 7
2 44 3
2 49 2
1 95 15 548564537
1 27 15 771480533
2 34 10
2 53 1
2 30 6
1 49 87 25758247
2 69 10
1 21 8 938183258
1 94 77 809809362
2 35 3
2 62 7
2 49 3
1 64 42 612744801
2 22 7
1 23 64 169191382
1 28 44 44035964
2 28 4
1 93 63 407115810
1 80 91 401295930
2 69 0
2 71 0
1 86 46 446111189
1 53 19 54196269
2 29 0
1 29 92 726809068
2 42 9
2 96 5
2 77 6
2 89 0
