1000
44160 9
201798 0
9597 0
340443 7
770696 8
305849 7
9593 9
624505 8
172894 8
798200 9
114856 6
655752 2
278253 9
493958 5
300255 5
621984 7
923123 2
923124 2
95437 5
44164 3
476871 7
708038 5
305848 6
624503 10
925422 3
95433 7
540354 3
897167 8
493958 1
493956 3
708036 9
9596 7
300258 2
266789 6
798204 0
9594 8
114858 2
261323 5
812302 4
770696 5
812303 10
421647 1
621983 9
44160 10
340446 1
278254 7
44160 8
95436 6
42486 6
708038 7
95435 2
812305 4
925421 2
5400 0
897165 0
95435 0
798204 1
812304 3
5399 9
278253 5
655751 0
708039 1
770694 10
476872 4
770694 1
923122 7
9595 3
897165 9
278255 9
798204 9
42488 3
270117 4
812303 2
114855 5
95436 9
172893 5
42488 5
557785 3
270119 8
897168 8
270121 4
540351 0
5397 10
708038 8
798204 3
5399 7
557788 4
624505 2
5396 6
476875 2
300256 8
201799 2
270119 4
266789 2
798203 2
201802 10
557788 9
9597 6
172895 4
476871 1
621986 3
655754 0
42484 5
624505 1
172892 1
278256 8
305847 8
340443 9
278256 7
476874 5
770698 2
476875 6
421648 9
114859 0
5396 1
812303 9
340442 3
5396 3
172894 5
278256 0
305849 9
95435 4
305847 3
266789 8
44161 6
493955 5
557786 1
300257 9
44160 5
114858 4
798200 1
201800 2
300258 7
624504 10
923124 4
897169 5
266786 0
300258 4
798203 1
421644 5
540351 5
261322 10
340443 10
770695 7
540351 7
201800 10
44162 9
266787 7
421647 7
812303 4
95433 10
42485 10
493955 8
624502 10
270120 8
798204 10
897166 10
557789 3
300256 10
925419 2
812304 2
812306 8
493957 3
557789 6
201798 9
172895 1
770695 6
266786 5
300257 7
5399 0
476875 4
305848 0
493954 9
708039 4
266786 3
923126 0
42486 1
95434 5
42485 2
621983 0
655752 10
540350 8
305848 10
557787 7
44164 2
624504 5
44163 0
624501 7
831733 2
266786 4
305847 2
305850 4
421644 8
114857 9
278257 2
708039 5
42485 6
9596 5
5396 0
5399 5
305848 5
266786 10
172895 2
201801 3
655754 8
925423 3
114855 8
266788 10
305850 6
9596 9
421648 2
261324 0
798204 2
300259 9
421647 8
340444 10
95433 2
708036 10
9594 4
340445 6
812302 2
621983 1
266785 10
201798 4
621982 6
266789 4
624504 3
5396 5
476872 7
42488 6
897168 5
5396 7
624504 1
624505 0
540350 0
476871 4
770696 0
270119 1
798201 3
540353 0
261326 7
261324 4
476872 10
812302 5
9594 9
624505 4
305848 4
798203 6
278255 7
923126 9
925420 3
201798 5
340445 1
897167 7
305850 7
923125 10
557788 7
278254 0
923122 3
201801 6
421646 7
421644 4
655750 10
201802 8
655752 6
621983 10
897168 1
798203 5
923126 2
493956 0
770695 10
270120 6
270119 5
655752 7
925423 0
493954 7
172891 6
266788 9
278255 2
305849 6
655753 7
708037 6
95437 1
655753 5
42485 0
172894 4
278253 7
476874 8
557786 5
300255 6
42485 4
923122 1
770695 1
621984 1
95433 6
266785 8
5399 10
708040 0
9595 8
798201 8
923124 6
557786 10
9595 5
655751 10
621982 5
493956 10
923123 6
925420 6
266785 3
421646 8
42487 6
44163 2
104461 1
798200 0
261326 2
5398 6
270120 9
9597 4
708038 0
261324 9
201799 3
421646 5
300259 0
812305 2
95433 1
95433 0
5397 6
95436 2
624503 2
9593 3
5398 8
540350 10
266788 2
923122 5
9597 5
300257 1
798201 4
812304 9
9593 6
476871 5
812302 1
201799 1
172893 10
278255 4
305846 1
5397 8
270121 9
897165 10
201800 9
621984 5
42485 3
493958 7
476872 0
9595 0
823842 10
621983 4
624504 9
9593 4
9596 6
44161 7
493958 9
493954 5
44162 0
261322 4
493957 2
708038 2
621982 3
897167 6
305848 3
540353 6
114857 2
798200 8
897167 5
340442 0
770694 3
95434 3
770696 1
655752 8
9593 8
493956 2
897166 6
114859 8
305846 10
201801 5
278254 4
42487 10
5398 5
655753 4
266787 9
897165 4
540353 5
621986 2
300259 6
9597 10
201800 6
266789 10
44164 8
476873 8
9593 1
42487 9
261325 9
708036 0
897169 0
300257 2
624503 3
114857 5
540353 2
172894 6
261325 6
421647 5
42484 1
266786 7
655750 7
540352 9
770694 0
798203 9
114859 9
621986 8
340446 3
540352 1
201801 4
621982 9
708040 3
42484 8
624501 1
266787 5
655750 2
5400 1
270119 0
44162 2
708040 6
261326 8
261322 2
923123 10
270119 6
770697 1
95436 8
493958 4
270117 2
340443 0
925422 9
266787 2
557786 8
540352 6
340445 4
621982 2
621986 4
613997 0
624501 5
300257 5
770698 1
812302 10
278257 5
708038 4
261323 2
340445 7
476874 0
5398 7
201799 6
172895 9
9596 8
812303 1
270121 0
708037 3
114856 0
421646 4
266788 4
476873 1
114858 5
621985 4
812305 8
557789 1
261326 1
42485 8
812305 6
624502 4
540351 4
829280 6
621986 5
44161 3
812306 1
266786 2
925419 0
812304 5
44163 1
114858 7
114858 3
278255 5
493954 1
798202 10
95435 7
270118 1
42484 9
421645 4
5398 0
5398 3
624504 2
923122 6
624503 4
708037 1
340445 10
923122 4
270120 5
95437 4
9595 7
476874 10
95435 6
897167 9
770698 0
897168 4
421644 0
621984 0
172893 0
812306 4
540354 6
421648 8
278257 9
770694 9
770698 4
557786 6
770694 4
114858 10
270118 8
897165 6
421645 1
493956 6
305848 7
897166 7
493957 0
266787 8
897168 2
270117 10
114856 5
305848 2
655754 5
5397 1
44164 9
172892 8
708038 1
340444 9
305849 0
114857 6
261322 1
770698 8
624503 6
493955 9
897166 4
201798 7
476872 2
798201 9
540352 5
493957 5
42484 4
476874 1
624501 10
897168 6
305849 2
655751 8
798201 0
261322 3
474130 9
755298 2
812302 7
42486 10
172895 8
172892 5
812305 5
624501 8
278256 1
708039 6
9597 8
812304 10
421648 10
300255 8
476875 3
476875 1
172892 4
421645 10
540351 6
114859 6
172892 2
114857 7
812306 5
812303 6
540353 9
770694 6
624502 1
798202 5
226218 0
925422 6
897166 3
278256 4
278253 1
300256 2
278257 0
624502 7
655752 3
95436 0
493955 7
340443 1
270120 7
300259 4
114856 3
897167 3
812304 8
95433 4
624505 5
261326 3
770696 7
923126 6
624502 5
493958 3
624504 8
707957 10
621982 1
44163 3
266788 7
44162 3
476874 7
798203 7
493958 6
95433 5
114857 3
655753 8
925421 1
798201 6
261322 6
261322 5
624503 7
44162 5
114856 7
201802 0
266785 0
621985 5
172894 9
270121 6
118513 10
340446 9
557789 5
305850 9
172891 3
557788 0
300255 3
540354 10
897166 0
305847 10
261325 5
621986 6
655753 1
305850 10
270118 0
95437 3
44164 5
897168 10
476874 4
261322 0
655751 3
493957 7
655754 2
278257 10
557789 4
476874 2
621983 8
384151 10
270121 3
114855 7
708040 1
655750 3
621985 9
655750 8
261323 7
621984 3
42486 9
540350 9
9597 1
798203 4
798204 8
798201 2
540350 2
44161 1
557788 2
9596 2
201799 10
925422 7
172894 2
114859 3
770694 5
812305 7
340446 0
540350 7
201800 8
897166 1
493957 6
44163 10
557785 9
540350 4
557787 6
278254 10
708037 4
42486 8
278256 9
897166 9
270120 0
925422 1
770695 9
540353 3
708038 3
44161 2
493956 4
897165 1
278257 8
557787 5
476873 3
621983 6
540350 3
172891 8
476872 1
42488 0
278253 10
172894 10
557785 5
798200 3
5399 6
925420 4
923125 2
655752 4
278256 5
655753 2
278256 10
540353 1
812303 3
624505 9
261325 2
812306 9
770695 4
770698 6
812303 0
300259 2
42488 10
201801 8
493955 10
476872 5
42486 2
923125 1
770697 3
266785 5
557787 8
5400 7
923125 0
114859 7
812303 5
266786 8
5400 6
261325 0
340442 1
172893 8
557785 10
421648 6
621986 1
923125 3
476875 5
897167 10
172891 0
44162 1
557786 9
95436 7
493955 0
44160 4
42488 2
798202 7
340444 7
172892 7
493954 10
300259 1
421644 1
493955 6
261324 2
812306 10
270120 10
95434 7
925422 8
44161 5
421646 2
201798 6
557788 6
897169 9
266789 0
655750 6
421648 5
172895 10
278253 3
278255 10
42486 7
300256 4
305848 8
621986 10
493956 1
278256 2
770697 9
201801 10
95436 3
340446 8
201801 0
700506 1
798201 10
812306 2
493958 10
897165 5
925423 2
621982 10
201802 7
624501 6
5398 1
476872 8
114857 1
540351 1
5396 9
172892 6
812305 3
624503 0
278255 8
114857 4
114857 0
340442 6
770697 6
5398 2
114858 9
300255 4
261326 0
44160 3
9595 2
201798 8
172891 10
44163 5
340442 7
305847 1
340444 4
261324 8
201799 5
923126 4
604111 10
557788 5
466279 9
5399 8
476872 6
270121 8
421647 0
798204 7
621983 7
44163 6
923124 7
5399 4
476873 10
270117 7
9596 3
340444 6
42487 2
540352 3
266786 1
493955 4
621985 8
44163 9
798203 0
476873 6
540354 2
897166 5
5400 2
42486 3
305846 0
261322 8
923124 10
708039 3
5396 4
925421 4
708037 9
95437 2
278256 3
708037 7
300259 10
9597 7
261323 9
5398 10
278254 5
770695 5
421647 3
278255 0
9594 5
925423 1
44163 8
770698 10
897167 0
305850 2
5397 3
557789 2
770694 8
624501 0
9595 10
421647 2
114856 10
266789 1
266789 3
5400 5
923125 9
493955 1
270119 9
925420 1
305850 8
201799 9
172894 0
476875 7
923122 8
476871 10
925422 0
270121 1
708036 5
621982 0
300258 8
305847 4
95435 9
201802 9
540353 8
340445 5
300256 6
95435 8
621982 4
421646 3
476874 3
201801 9
798202 9
557788 10
201800 5
624503 9
923124 9
340445 3
540351 9
42487 4
923125 7
421645 5
300256 3
923122 2
201801 2
5398 9
270119 3
261324 6
300259 3
340444 1
655752 1
95434 1
201799 8
95434 0
624501 9
812306 0
493954 2
44162 10
798202 6
300257 6
708039 2
925419 1
708039 8
9596 10
493956 8
340446 5
278257 4
812302 9
340443 6
655750 1
655751 5
270120 3
270119 7
557785 7
655754 6
278253 6
624502 9
172891 1
261325 10
172891 9
557785 8
621986 7
9595 4
540352 8
770697 7
261325 7
305847 5
923124 1
300257 8
114855 10
95434 6
266786 9
923122 0
897169 1
305847 7
270118 6
540353 4
708036 2
708040 9
300255 1
540351 10
421646 6
770697 8
655751 9
