20 166
3 3
19 19
9 8
4 4
13 12
2 2
10 10
15 15
10 10
7 7
6 6
10 10
16 15
3 6
12 11
14 14
3 6
10 10
6 6
9 9
15 15
17 16
1 8
6 6
3 4
3 6
10 10
3 5
18 18
9 8
7 7
17 17
17 17
3 2
10 10
1 8
16 16
6 6
14 14
14 14
6 6
16 16
12 12
1 3
11 11
15 15
5 6
9 9
13 13
13 12
13 12
3 2
2 2
14 14
13 12
5 6
4 3
6 6
5 5
14 14
20 16
16 15
20 18
14 14
9 7
6 6
13 13
16 15
5 6
4 4
4 3
5 6
17 17
19 19
19 19
7 7
19 19
1 2
5 5
2 3
13 13
5 5
14 14
5 6
17 16
5 5
19 19
11 11
17 17
3 6
14 14
8 8
10 10
16 16
4 4
13 12
8 8
3 3
2 3
5 6
6 6
16 16
13 13
12 12
20 19
11 11
3 2
13 12
19 19
12 11
17 17
10 10
1 5
19 19
17 17
14 14
10 10
5 6
8 8
5 6
1 1
13 13
13 12
14 14
13 12
6 6
17 17
2 3
20 16
11 11
17 16
5 6
13 12
4 3
12 11
2 2
5 6
19 19
19 19
17 17
5 6
12 12
3 4
7 7
5 5
11 11
3 2
1 6
9 9
12 11
14 14
4 4
7 7
20 17
12 12
12 12
13 13
16 15
13 13
8 8
9 7
8 8
4 3
10 10
11 11
1 3
