20 180
19 19
7 7
15 16
6 7
15 15
8 8
9 11
1 1
14 14
12 12
9 8
10 10
8 11
5 6
18 18
1 1
6 6
6 7
8 11
4 15
17 16
7 7
20 20
5 6
10 10
13 13
19 18
20 18
19 19
10 10
15 16
17 17
13 13
17 16
9 10
1 3
11 12
11 11
7 7
1 3
11 12
18 16
17 16
10 10
17 18
3 1
6 5
7 7
13 13
8 8
5 6
18 18
5 6
15 16
18 17
19 18
18 18
13 13
11 10
9 8
7 7
6 7
16 16
13 13
4 8
7 7
11 10
18 18
12 10
17 16
12 12
9 8
15 15
7 7
20 18
3 3
4 17
9 11
20 18
5 5
3 2
11 10
18 18
12 10
18 16
2 10
13 13
12 11
11 12
20 19
8 10
2 20
7 7
6 8
13 13
1 3
19 19
10 10
17 17
9 9
3 1
11 12
18 16
16 16
4 5
15 16
9 10
11 11
1 1
8 8
6 8
8 8
8 11
6 6
8 11
19 19
14 14
8 10
3 5
9 9
18 16
11 11
4 2
17 18
1 3
11 11
15 16
19 19
8 9
2 1
17 17
15 15
3 1
11 12
11 11
20 18
11 11
8 11
8 9
15 16
12 12
20 20
2 17
3 1
20 20
11 10
15 16
2 10
18 16
2 17
19 19
17 18
1 2
1 3
11 10
13 13
13 13
3 1
6 5
12 12
9 9
18 18
5 5
3 4
4 10
18 16
17 18
6 5
11 11
9 8
3 5
9 10
1 5
15 15
15 15
15 16
14 14
15 15
20 20
18 16
