100 869
20 20
68 68
80 79
88 88
14 13
18 18
64 62
26 28
56 56
24 27
5 5
43 43
45 45
84 84
71 71
39 39
77 75
67 67
75 74
96 94
24 28
22 22
21 23
29 31
94 94
91 89
39 37
66 66
21 21
70 70
91 91
29 30
68 68
8 8
42 43
24 24
14 14
58 58
54 56
72 72
75 74
78 75
48 48
97 96
96 90
82 79
74 74
9 11
61 61
24 25
5 7
77 74
82 81
92 91
40 41
29 31
76 75
58 56
99 96
80 79
89 89
71 72
57 55
85 78
3 10
40 37
52 52
98 97
68 68
15 15
5 6
11 11
82 82
95 90
10 10
41 40
90 90
12 12
95 95
51 51
37 36
78 75
21 23
3 4
24 29
58 56
65 65
23 23
34 34
67 67
97 96
52 53
31 31
49 49
17 16
56 55
97 96
47 47
54 55
34 34
7 8
84 77
42 43
6 6
87 87
86 86
25 28
63 62
42 43
26 28
19 18
38 36
52 52
50 50
66 66
99 71
100 57
81 74
54 54
88 88
24 25
23 23
76 74
56 55
84 77
19 18
68 68
59 58
96 87
85 84
64 64
32 32
62 62
79 80
100 86
82 82
13 13
39 38
66 66
68 68
67 67
36 36
60 60
31 32
50 50
14 14
84 82
36 36
100 91
5 12
18 18
19 20
46 47
51 51
73 74
70 70
65 66
33 33
71 70
51 51
35 35
98 95
61 61
1 15
4 4
34 34
18 18
18 18
1 19
40 41
92 91
97 97
21 23
87 87
4 5
56 56
74 74
79 77
36 36
29 30
16 17
33 33
96 91
49 49
76 75
32 32
67 67
55 58
1 16
42 42
49 49
97 97
1 3
89 87
69 70
67 67
35 35
86 86
85 83
89 89
31 31
7 7
57 57
61 61
51 51
25 26
43 43
13 13
77 74
90 90
4 9
72 72
85 82
25 25
83 80
12 12
55 58
63 62
56 56
81 74
98 94
89 88
3 7
55 58
3 10
2 7
54 54
97 97
2 9
27 30
79 78
25 29
82 80
59 58
41 41
48 48
7 7
26 26
21 23
75 74
3 8
92 91
92 91
52 53
68 68
1 5
38 37
71 72
82 82
4 11
11 11
98 90
97 97
8 8
59 58
21 21
29 30
38 35
6 12
46 46
38 36
28 28
67 67
2 4
41 40
45 45
68 68
40 41
52 53
72 72
58 56
94 94
67 67
58 56
31 31
73 74
64 65
38 35
27 29
9 9
29 31
49 49
44 44
20 20
9 10
11 11
95 94
60 60
83 83
95 91
100 35
78 77
24 28
85 79
2 3
17 17
96 94
6 11
8 8
32 32
81 77
22 23
6 5
98 92
81 74
100 86
41 40
84 77
35 35
23 23
76 74
92 92
3 10
74 74
56 55
44 44
79 76
15 15
68 68
84 82
43 43
27 30
25 28
87 87
65 65
4 7
18 18
31 32
92 91
80 80
61 61
73 73
3 9
65 66
13 13
82 79
21 21
3 10
52 53
36 36
29 31
1 10
4 11
62 62
30 27
23 23
67 67
35 35
79 79
63 63
29 30
96 89
66 66
80 79
16 16
25 26
29 30
18 18
39 39
9 10
62 62
64 66
37 38
7 8
57 55
90 88
55 56
76 75
85 78
63 63
11 11
25 27
69 70
74 74
50 50
40 38
2 5
3 6
30 29
78 78
20 20
24 28
65 65
94 94
69 70
14 13
32 32
40 37
25 25
80 79
60 60
27 29
33 33
67 67
79 78
86 86
94 94
4 10
22 22
61 61
28 26
66 66
48 48
59 58
6 4
69 69
22 23
83 83
94 94
48 48
9 10
52 52
42 42
22 22
37 37
82 79
61 61
90 87
67 67
1 10
26 28
62 62
15 15
3 5
46 47
88 87
62 62
54 57
7 8
32 32
5 13
14 14
77 76
65 66
92 91
57 56
39 39
36 36
21 22
15 15
20 20
50 50
40 40
1 12
74 74
14 13
100 33
39 37
50 50
75 75
28 29
64 67
72 72
25 26
5 8
87 87
64 66
17 19
92 91
92 92
13 13
47 47
99 60
34 34
95 89
99 49
23 23
2 4
19 20
56 56
96 88
81 77
90 88
35 35
98 95
80 80
9 11
54 57
99 96
43 43
42 43
3 10
46 48
37 38
14 13
68 68
8 8
66 66
89 88
2 9
22 23
48 48
42 42
31 32
73 74
47 47
11 11
39 40
65 66
92 91
37 36
45 45
72 72
45 45
70 70
50 50
14 14
14 14
98 94
7 7
35 35
87 87
67 67
95 95
95 89
91 89
45 45
58 57
15 15
41 40
9 9
71 72
89 89
12 11
97 97
8 9
45 45
61 61
9 10
38 35
8 8
1 7
79 79
76 74
33 33
91 91
97 97
2 5
59 58
24 29
53 51
66 66
19 19
78 79
59 58
65 65
91 87
40 37
75 75
63 62
28 26
90 88
94 94
81 79
67 67
35 35
59 58
97 97
46 48
42 43
1 15
31 31
98 90
1 3
4 4
52 53
81 77
12 13
74 74
70 70
42 42
78 75
27 27
71 70
4 7
49 49
32 32
4 7
77 74
39 37
79 80
28 26
88 88
28 29
44 44
90 87
83 83
62 62
6 12
72 72
89 88
76 76
73 73
26 28
92 91
81 77
61 61
14 13
78 75
35 35
3 3
75 75
34 34
21 22
37 38
1 9
99 99
74 74
77 74
13 13
6 10
42 42
22 22
70 70
53 51
80 79
63 63
47 47
1 13
44 44
66 66
53 51
62 62
81 76
91 87
40 41
14 14
59 59
42 42
14 13
57 55
10 10
71 71
12 12
86 86
82 81
18 18
30 29
70 70
44 44
34 34
80 79
31 32
51 51
73 74
100 30
24 26
44 44
73 73
18 18
44 44
86 86
35 35
1 18
64 62
10 10
22 23
82 81
97 97
92 92
51 51
26 27
89 88
94 94
90 90
9 11
48 48
57 56
96 94
88 87
46 48
36 36
19 19
7 7
38 38
23 23
29 31
73 73
85 82
69 70
84 83
1 5
3 6
33 33
46 46
88 88
97 97
22 22
60 60
57 55
82 80
13 13
49 49
92 92
30 28
15 15
7 8
41 40
79 79
22 22
27 28
58 58
9 11
25 26
54 56
88 87
22 22
52 52
1 17
92 91
60 60
81 81
84 82
80 79
42 42
23 23
96 89
13 14
68 68
35 35
9 11
53 52
12 12
11 11
99 66
35 35
10 10
4 5
67 67
80 80
48 48
15 15
28 28
16 16
42 42
57 56
15 15
13 13
30 32
45 45
8 9
45 45
53 52
56 57
31 32
56 55
53 53
83 81
51 51
53 52
49 49
54 56
84 77
45 45
55 55
98 97
53 53
20 20
25 27
98 90
24 30
65 65
3 8
20 20
7 7
46 48
37 35
91 91
67 67
94 94
27 27
36 36
83 81
22 22
99 64
88 88
48 48
66 66
70 70
73 74
64 66
43 43
12 13
41 41
44 44
83 80
60 60
42 43
92 91
97 96
63 62
8 8
72 72
39 37
36 36
26 26
16 17
11 11
77 74
19 20
96 92
38 37
17 16
77 75
24 23
5 11
39 39
5 13
30 29
79 77
36 36
97 96
50 50
12 13
83 83
22 23
94 94
52 53
37 38
16 17
33 33
78 76
71 72
55 58
27 30
48 48
56 55
75 74
44 44
28 29
90 89
26 26
7 7
54 58
4 9
53 52
57 55
2 7
94 94
18 18
78 76
51 51
59 58
90 88
48 48
54 57
40 40
89 87
15 15
41 40
100 31
78 78
19 19
86 86
51 51
13 14
50 50
42 42
87 87
70 70
46 48
13 13
30 30
11 11
78 77
19 20
24 29
63 62
54 54
