500 1360
375 378
33 35
109 110
301 297
444 425
299 294
227 227
461 459
271 271
49 47
151 159
33 42
364 362
330 327
467 465
199 200
286 286
136 137
272 260
326 329
158 150
168 172
240 228
261 259
345 341
441 435
259 253
95 99
320 320
21 19
76 76
67 66
466 464
357 358
157 152
197 200
129 128
283 259
427 414
118 117
279 256
50 53
444 436
367 356
127 127
425 420
67 67
169 169
125 125
329 326
370 371
419 412
260 255
32 28
482 473
360 353
192 193
190 189
444 429
394 388
427 414
291 292
395 396
400 388
478 480
266 261
18 55
232 236
115 116
226 223
267 282
215 215
214 212
10 8
250 251
380 376
225 223
350 351
223 221
139 140
430 424
386 390
76 76
233 234
481 475
325 328
368 365
195 196
165 162
205 205
77 76
48 47
483 419
268 264
480 456
385 391
232 238
381 380
487 479
72 77
154 150
386 393
116 118
247 247
390 389
365 354
176 178
360 359
460 464
259 257
277 253
93 94
123 123
119 120
119 119
397 386
93 97
410 406
14 17
221 219
176 177
361 361
303 290
430 420
215 219
59 60
481 475
158 162
308 300
315 311
237 239
117 120
27 35
249 250
34 36
2 3
349 350
473 466
146 142
251 251
106 111
150 158
97 97
91 96
370 371
197 194
270 273
324 323
228 225
495 482
402 401
315 312
390 395
24 18
311 315
118 119
361 350
442 447
44 43
291 286
41 42
276 282
52 57
331 331
376 378
47 53
308 306
397 388
107 108
443 428
464 465
288 286
252 252
463 468
379 380
340 339
318 319
331 331
288 291
257 255
452 452
25 34
227 227
167 167
342 341
263 276
438 425
295 297
95 96
150 160
391 374
155 156
7 221
235 240
178 178
450 449
14 14
152 158
126 123
4 27
252 251
326 326
215 220
144 145
441 442
356 352
379 375
86 87
381 372
56 55
169 169
389 397
271 277
166 167
164 166
143 143
489 491
432 433
405 405
235 231
264 259
348 351
379 381
140 140
52 55
408 406
352 350
290 288
297 287
403 403
401 381
145 143
431 415
490 427
69 76
208 211
3 117
295 294
78 77
142 148
297 287
216 224
22 61
323 323
122 120
325 327
105 107
470 469
238 240
269 254
212 214
333 332
203 203
276 261
68 75
162 163
428 429
11 44
291 303
15 149
163 161
4 145
476 471
14 13
177 180
124 123
346 341
82 96
438 423
146 144
192 191
187 186
129 130
371 371
291 287
210 209
280 259
113 113
23 104
210 208
374 372
176 179
327 326
360 352
212 211
257 254
53 56
205 210
313 315
168 168
457 453
17 36
319 320
151 151
365 369
220 219
88 90
104 107
152 154
267 253
232 229
112 113
102 101
197 200
101 100
12 4
409 407
185 191
100 101
362 363
177 175
357 357
367 364
104 107
205 202
369 352
389 379
17 46
78 77
346 351
169 169
464 464
449 448
351 351
26 29
266 266
359 356
361 350
49 54
305 294
307 297
474 473
105 105
373 372
238 240
399 395
287 310
77 78
93 99
179 180
122 123
63 67
449 448
25 31
455 457
34 40
463 461
414 417
81 99
429 417
349 349
275 258
489 460
390 391
488 493
63 67
189 193
11 9
396 373
450 453
113 115
29 29
217 221
476 457
234 229
490 492
418 404
351 351
138 140
45 44
402 401
367 363
305 303
495 490
117 117
143 143
371 372
22 17
243 244
482 457
162 161
193 190
44 44
154 161
290 308
379 376
186 186
455 456
312 314
86 91
153 156
459 452
333 336
415 417
327 327
217 217
282 278
16 226
264 266
288 305
486 491
345 343
303 296
380 375
473 459
293 291
128 126
45 44
263 279
46 44
475 458
249 250
488 487
376 373
289 304
94 95
99 99
21 39
110 109
231 218
474 468
399 401
248 249
425 420
15 141
493 448
30 36
29 30
391 381
313 312
320 318
41 41
302 310
303 295
242 239
104 103
155 154
458 455
337 337
84 84
300 294
30 33
57 57
263 258
400 388
236 217
369 362
39 42
333 333
75 78
344 341
168 167
152 150
282 284
414 413
322 321
379 375
19 17
470 468
355 353
108 108
174 173
97 100
159 151
160 165
298 309
440 437
249 243
55 54
20 71
447 409
52 59
465 451
148 145
54 58
362 356
184 184
85 84
302 299
211 210
70 80
144 146
459 458
233 233
375 372
436 422
298 293
61 60
303 287
343 343
56 56
432 427
350 351
50 50
477 459
484 449
444 445
84 85
338 339
288 291
452 450
47 54
195 194
434 430
120 122
115 117
489 494
353 354
479 482
422 419
448 448
461 458
347 345
340 339
346 346
80 76
228 224
90 88
112 112
167 166
189 193
131 133
113 112
254 253
471 457
389 380
64 66
58 57
202 199
368 364
305 301
366 372
79 80
214 212
414 414
265 264
475 475
14 15
420 416
52 56
453 450
403 403
320 320
203 203
47 53
85 90
388 384
202 210
413 411
127 128
252 251
451 450
27 35
52 52
271 260
438 435
335 336
474 475
358 360
468 458
282 266
73 80
462 458
291 288
169 170
158 157
46 43
230 233
256 256
400 401
486 421
87 91
409 405
268 272
335 333
361 360
295 303
73 79
497 460
298 305
489 486
485 412
279 279
459 453
369 355
145 148
156 161
102 101
10 56
124 125
383 379
246 230
161 160
297 287
4 70
306 310
41 42
198 198
314 314
382 380
480 433
6 210
79 80
223 220
160 161
398 382
469 466
280 283
396 383
466 464
446 416
59 57
224 225
318 318
204 205
171 170
336 334
37 42
300 308
229 218
294 291
276 276
367 364
432 427
38 41
237 235
286 286
249 243
424 418
59 60
135 136
407 405
174 173
460 456
19 104
329 326
168 173
453 452
433 429
118 119
292 291
391 393
208 210
385 391
99 99
138 138
244 241
281 281
429 415
394 397
425 416
382 372
219 218
312 314
245 238
285 285
114 114
356 357
415 405
402 400
435 433
496 348
195 197
500 27
30 29
56 54
265 275
266 261
184 185
200 200
397 395
38 36
28 36
233 225
348 351
150 155
121 121
239 233
93 91
168 172
348 340
377 376
424 418
384 378
1 327
467 468
164 164
180 180
453 449
220 221
439 430
306 307
368 372
246 232
426 427
61 62
335 331
211 210
423 422
229 237
214 214
216 212
58 60
166 167
462 466
118 119
465 461
273 277
170 170
387 381
304 295
431 422
430 417
308 296
178 180
79 78
186 186
49 54
52 56
391 396
453 449
153 151
370 366
293 303
306 306
405 405
200 200
172 171
402 400
39 39
56 59
368 370
335 337
332 333
229 217
454 449
281 279
448 449
95 102
359 360
492 476
163 166
149 145
187 187
238 240
40 40
379 375
478 480
121 120
409 406
488 425
385 384
407 408
18 72
337 337
151 158
59 59
101 102
162 167
44 44
388 376
121 123
135 135
69 68
38 36
353 358
204 198
363 362
173 174
476 450
369 372
146 142
155 158
125 124
324 324
338 339
437 415
331 331
255 255
284 276
321 321
454 455
420 408
104 102
206 209
440 446
363 363
66 67
186 187
390 396
440 434
147 143
469 467
178 180
434 436
455 455
354 355
375 380
342 340
310 309
108 108
352 351
225 223
43 42
196 194
422 420
326 329
262 255
201 198
382 377
133 132
472 456
199 200
310 309
365 366
277 278
266 268
96 96
469 469
117 121
222 225
464 466
462 464
236 217
430 430
46 47
116 118
479 459
234 234
385 391
345 344
55 56
89 90
243 223
188 188
193 192
284 283
106 110
257 258
393 381
364 357
246 233
328 328
228 223
302 304
169 174
360 356
220 219
165 166
260 260
272 262
159 161
483 485
435 430
428 413
433 430
250 250
19 163
156 152
183 186
182 181
68 80
411 410
86 81
488 489
89 92
316 314
347 345
168 172
180 180
434 429
138 140
479 430
460 453
262 267
128 129
212 214
397 389
53 53
168 170
274 279
234 233
392 393
155 159
355 355
221 223
159 156
419 404
216 217
339 340
479 432
46 44
426 406
190 193
158 160
76 76
85 87
494 445
72 76
35 44
431 413
180 180
338 334
499 187
7 4
114 120
478 472
32 33
31 29
356 354
10 138
306 310
481 473
17 64
92 91
363 363
148 146
206 211
157 165
386 382
324 323
423 424
261 254
411 409
196 199
407 406
337 337
246 242
109 110
367 360
218 220
376 375
500 198
31 34
391 379
256 253
396 372
103 103
308 310
471 469
358 355
58 59
254 253
6 5
165 161
179 178
249 245
125 125
496 255
119 120
113 122
400 386
41 41
198 198
301 306
445 447
447 419
109 110
312 311
29 30
40 40
184 186
34 45
221 222
457 453
321 321
322 322
333 334
495 488
11 38
137 136
497 447
280 255
469 468
346 349
178 178
303 304
178 180
26 31
218 223
383 376
414 417
207 208
213 210
18 180
308 300
498 488
368 371
40 40
422 419
73 76
100 101
131 133
392 393
286 286
359 360
246 247
425 405
337 336
497 498
276 280
129 128
24 20
88 90
466 458
58 57
232 227
83 99
343 343
499 25
25 41
224 222
374 372
87 90
293 292
421 422
464 464
475 473
232 235
147 149
74 80
185 185
487 438
56 55
22 26
189 188
353 350
423 404
73 71
42 45
24 38
302 295
372 372
8 124
184 184
495 472
412 410
429 427
61 65
355 359
366 353
68 70
39 41
456 458
133 132
228 223
358 357
451 451
334 337
497 436
319 320
273 257
230 233
453 452
105 105
498 371
334 337
107 110
416 409
17 17
215 217
287 291
439 420
471 463
5 29
249 246
211 211
209 210
434 436
231 240
218 221
418 419
79 80
393 391
191 192
199 198
234 231
196 200
75 73
14 18
9 220
53 55
177 179
77 76
203 203
239 236
438 431
28 40
213 210
23 20
36 37
157 156
36 39
158 152
398 392
456 455
30 36
263 262
260 255
28 31
176 179
241 240
39 42
59 60
184 184
53 54
421 413
334 335
306 308
456 457
194 194
37 44
468 467
333 332
441 438
420 410
304 295
434 436
417 409
307 310
332 331
249 245
191 192
444 415
405 405
80 80
3 53
296 287
203 203
79 80
405 407
171 173
236 239
170 171
413 413
29 29
168 168
275 282
132 132
47 51
432 433
389 393
191 189
197 194
354 361
177 177
230 228
182 184
215 220
40 40
163 166
156 155
484 471
218 219
313 313
269 277
167 167
235 227
38 37
10 17
460 464
48 51
72 71
50 52
140 139
99 99
223 221
395 372
271 283
359 356
387 398
107 110
255 254
320 319
36 39
226 223
13 133
266 266
349 350
118 119
312 314
419 421
364 372
461 459
12 40
289 305
172 173
436 437
134 134
413 413
379 380
228 228
211 211
421 416
378 378
357 358
185 184
54 60
269 280
8 7
131 130
58 57
281 284
308 296
222 218
236 223
46 49
451 453
69 73
283 284
272 279
492 451
83 88
66 67
219 222
393 398
428 408
44 43
388 382
388 391
289 286
491 411
395 393
422 419
48 51
119 119
459 458
268 261
399 382
210 210
75 71
121 120
450 452
413 409
325 326
274 265
445 420
64 66
235 232
280 265
128 126
463 468
394 392
260 256
209 210
358 359
461 458
9 53
24 36
256 258
226 225
50 52
185 184
445 418
43 45
400 397
98 98
491 494
152 158
425 404
15 13
18 140
62 67
402 402
187 186
464 465
431 433
173 174
169 170
480 441
356 359
50 52
469 470
174 170
399 391
341 340
392 393
24 50
78 77
87 91
134 134
115 119
88 90
442 411
232 233
380 382
177 175
391 398
156 159
419 407
20 62
273 259
441 436
484 447
294 302
427 418
225 225
339 339
8 93
389 397
246 227
113 122
366 357
327 329
64 66
149 148
46 53
299 304
410 406
279 283
496 497
25 38
223 226
448 449
20 30
243 238
479 429
86 87
436 422
275 254
272 259
164 162
270 254
59 60
296 306
222 226
157 150
32 33
44 44
107 108
31 41
460 464
464 461
22 42
332 335
455 456
423 410
21 79
386 379
406 406
83 81
259 257
370 357
84 87
5 131
90 94
192 191
381 382
262 261
429 419
366 372
300 288
477 480
141 140
219 224
378 377
7 187
15 24
442 444
53 52
