2000 9785
734 740
444 452
505 504
991 994
75 86
1460 1460
589 589
799 799
886 886
1775 1666
277 249
1525 1525
1392 1385
1486 1487
1725 1711
1821 1692
240 254
826 829
1582 1587
1582 1577
500 500
413 411
1840 1827
219 219
450 450
837 844
1790 1792
478 476
4 659
747 749
664 675
329 361
1786 1787
401 402
361 370
1849 1850
585 588
1077 1073
775 777
190 205
1447 1447
1964 1962
1326 1315
396 402
1134 1120
506 498
1396 1398
476 478
56 63
1383 1387
232 238
991 986
1076 1068
1731 1714
1245 1250
652 674
657 674
29 47
1079 1071
764 763
326 387
63 86
428 434
509 516
818 820
650 658
812 814
1962 1903
1819 1675
1224 1226
1594 1596
1634 1622
223 229
1809 1800
423 424
1023 1026
900 901
1630 1636
1762 1746
1517 1522
1261 1264
1180 1180
1783 1698
653 674
1386 1389
1939 1955
1012 1012
1765 1622
1336 1320
1349 1347
1401 1397
1329 1329
389 396
642 642
1257 1258
685 686
1930 1881
1586 1573
689 691
490 491
1807 1809
378 399
1276 1277
1610 1603
1610 1609
895 901
1669 1661
553 567
1334 1309
111 126
1409 1406
939 936
929 927
1495 1493
110 148
1364 1366
740 741
1700 1696
1260 1243
43 60
1752 1757
1304 1294
1648 1628
1794 1795
89 85
581 579
1340 1311
25 34
823 831
1107 1107
1454 1446
1371 1353
1886 1830
1870 1714
1172 1172
768 768
533 530
479 492
1469 1468
1733 1735
1830 1742
772 770
412 409
1172 1172
347 348
1505 1489
1071 1064
310 307
1499 1498
1670 1660
783 780
79 87
1826 1803
1419 1421
1359 1353
72 94
503 501
493 494
1994 1580
413 424
1277 1277
829 829
1205 1204
638 638
1601 1601
367 370
1831 1800
800 803
863 852
1809 1796
1600 1604
1354 1354
355 372
1370 1370
1785 1749
673 677
1671 1627
259 257
1921 1924
934 929
1313 1326
22 77
792 803
1724 1723
757 763
1590 1591
70 75
1602 1601
211 210
1828 1702
880 879
480 495
689 691
582 587
1158 1143
35 35
396 397
1284 1281
54 82
1331 1339
1613 1610
42 37
319 393
499 505
636 635
1576 1574
1409 1404
1023 1027
787 793
586 593
644 640
1609 1606
1242 1233
576 572
1069 1073
374 388
331 330
1633 1627
1823 1819
1998 1662
368 368
646 647
458 459
1248 1267
222 227
1117 1113
1256 1236
474 470
1575 1568
20 522
133 220
1569 1591
176 210
1030 1030
575 550
162 163
1165 1161
471 468
1552 1548
1915 1819
810 814
1271 1258
770 771
1472 1460
1270 1245
343 336
1195 1190
1061 1061
381 387
152 183
1228 1228
1105 1106
1751 1669
1750 1736
1705 1646
1854 1778
1878 1879
494 494
1433 1452
825 826
1865 1868
1937 1787
370 377
557 559
791 790
601 594
1676 1658
154 168
1319 1314
1873 1647
909 907
1687 1640
1588 1588
1725 1712
1574 1576
1661 1662
158 163
1324 1308
869 856
1765 1759
1810 1777
629 627
1656 1616
1132 1128
132 160
1977 1876
1829 1646
631 630
936 933
196 198
970 967
621 621
1892 1886
305 311
247 244
1878 1850
768 768
1786 1746
303 301
1887 1890
1153 1159
39 38
1705 1705
759 760
1200 1198
1479 1470
1763 1749
1775 1754
553 573
1796 1791
736 735
1542 1544
195 197
85 92
1784 1733
612 605
1770 1657
1742 1724
1781 1777
363 374
1468 1473
1933 1798
1237 1237
863 862
61 55
1855 1760
64 66
1629 1626
1634 1632
1477 1476
1756 1599
283 316
800 800
1513 1473
372 382
1323 1317
473 474
1692 1688
715 698
240 239
170 179
633 636
1264 1255
1585 1590
1832 1821
1890 1799
1639 1626
1585 1592
458 448
1795 1786
1800 1601
618 622
1775 1715
1427 1440
12 166
195 196
282 300
963 963
1967 1600
935 935
781 784
846 856
1131 1130
889 884
1088 1088
835 835
1385 1390
1602 1603
732 733
478 475
678 684
1383 1368
380 378
140 153
93 81
379 396
1295 1293
1240 1232
994 991
1339 1340
1632 1607
1340 1317
1258 1260
565 574
1747 1672
1973 1858
1951 1872
1808 1813
1849 1634
145 145
838 846
1086 1086
16 60
1297 1282
471 469
248 246
1105 1102
1558 1557
1878 1845
1531 1529
1441 1458
1003 1001
535 536
268 273
395 397
654 684
1220 1223
269 267
1336 1330
1803 1805
1136 1136
1303 1305
1093 1100
1457 1455
259 260
1956 1711
500 501
347 356
774 777
1580 1571
168 182
1071 1067
771 771
1162 1159
226 244
1171 1174
1358 1368
1604 1603
442 442
700 698
987 984
1277 1276
336 339
1442 1447
1392 1382
839 832
1618 1616
1019 1022
1150 1150
1468 1475
1921 1830
1987 1865
1333 1322
1841 1847
1233 1235
1067 1065
699 699
1196 1196
1355 1358
253 249
1117 1116
309 311
730 739
1937 1938
211 212
1157 1150
1735 1735
435 436
1367 1368
1917 1752
1226 1225
445 448
541 540
715 709
394 399
852 859
1727 1711
271 255
39 38
1081 1085
1005 1006
1533 1526
1835 1815
737 742
1023 1029
1417 1416
1436 1430
90 89
1969 1907
720 723
333 351
1482 1465
1273 1253
1639 1612
1934 1952
1641 1621
1657 1651
730 746
1977 1803
254 261
1386 1389
1313 1305
1085 1084
239 242
1361 1380
1560 1561
442 442
1149 1147
1159 1158
1304 1298
907 901
1714 1713
913 914
413 404
438 437
243 244
1459 1465
79 81
1329 1334
591 591
1420 1417
1514 1517
1176 1172
1831 1783
429 429
15 287
1336 1285
821 818
630 631
941 942
389 396
1395 1397
888 881
1597 1602
90 91
1836 1606
1518 1516
1559 1557
1953 1899
1074 1074
868 869
22 26
235 239
227 224
27 31
505 506
1286 1282
1859 1756
1420 1422
1773 1708
923 924
288 287
486 491
1048 1044
1994 1752
1609 1607
103 172
251 258
1999 1857
984 982
660 667
1018 1017
1610 1614
1915 1904
136 151
585 583
14 26
591 593
1517 1505
1502 1504
1861 1751
283 269
824 827
1499 1496
1710 1709
422 420
1821 1813
541 540
1559 1562
53 92
1525 1528
816 814
1936 1634
1767 1667
977 976
697 700
491 495
854 854
1522 1500
1277 1276
1305 1305
1200 1202
1026 1022
1439 1439
1987 1629
1809 1796
349 392
240 257
1013 1012
398 399
1794 1616
1673 1651
1186 1196
914 912
324 321
1824 1791
1921 1725
938 930
898 900
1140 1143
1737 1650
1545 1546
735 741
1907 1833
1785 1776
438 438
201 201
59 90
684 693
84 87
834 828
1753 1696
1022 1018
292 299
1273 1276
1612 1611
395 403
648 647
1650 1653
1579 1582
1807 1694
946 938
311 300
1 302
1415 1418
1239 1241
1396 1401
1582 1585
425 429
292 289
802 802
1726 1722
741 749
207 204
1409 1410
602 592
831 829
1342 1323
1201 1206
1262 1256
489 493
1127 1127
513 527
953 948
454 453
1367 1368
1049 1048
1620 1612
1406 1406
248 243
872 864
795 796
1825 1675
1248 1267
472 475
127 200
1381 1374
1441 1453
981 979
726 724
1416 1417
688 690
1272 1264
1963 1830
818 819
418 427
613 615
552 555
1913 1843
628 630
210 220
1913 1912
182 183
1865 1814
401 402
1941 1948
69 93
48 48
574 558
1511 1504
1060 1055
1416 1418
1963 1856
850 850
219 219
1067 1066
1511 1501
1046 1047
1729 1641
696 699
1433 1433
745 747
111 110
89 102
1569 1591
1048 1046
855 857
589 590
528 529
1432 1432
1095 1097
1203 1197
465 463
416 408
1270 1245
528 526
1307 1285
1950 1947
147 153
731 735
1714 1711
475 491
1212 1216
1483 1474
1429 1409
695 693
1073 1070
1161 1159
1031 1028
640 645
734 736
1523 1509
1836 1718
1956 1906
507 506
1205 1206
1102 1102
1603 1605
1777 1668
724 722
1219 1223
349 391
845 845
1398 1401
681 694
293 289
590 593
363 366
1842 1621
1424 1419
1489 1473
170 172
112 158
1296 1285
1203 1203
1555 1567
989 984
1431 1424
993 989
744 749
1455 1451
798 800
500 499
1726 1723
1858 1820
1494 1484
338 341
155 154
466 465
1866 1687
809 809
50 52
310 311
469 476
1456 1455
1059 1055
1115 1114
1710 1710
287 303
1063 1064
287 296
1808 1758
903 911
1469 1458
271 274
315 317
1921 1912
375 377
1997 1999
1502 1500
1896 1646
523 527
618 616
1478 1463
1693 1682
860 852
1606 1600
1391 1360
1055 1055
1622 1618
142 144
902 907
316 317
22 30
1090 1090
1513 1478
558 576
776 774
807 805
1233 1234
674 681
1785 1784
434 433
10 283
1046 1053
1474 1476
1682 1674
1864 1855
19 324
1487 1497
770 771
909 912
782 772
827 828
1412 1401
1825 1740
437 441
1601 1605
945 932
1972 1973
247 245
1802 1811
664 677
1781 1762
951 947
1777 1705
619 618
1522 1529
504 506
546 548
1436 1423
187 212
1877 1668
1500 1491
696 696
1730 1666
1876 1675
536 531
1431 1459
658 681
716 692
1586 1583
1213 1223
250 255
1608 1605
173 177
1966 1836
1086 1087
812 815
1138 1127
1705 1680
778 777
1043 1042
870 864
968 962
1455 1458
29 89
134 156
1063 1064
956 977
314 314
1682 1672
1626 1629
252 250
1763 1754
776 782
1207 1204
1239 1229
44 64
1057 1064
778 779
43 45
809 811
900 900
1552 1557
1809 1814
1534 1534
1642 1635
1198 1197
671 694
1533 1526
1729 1687
1851 1784
338 374
810 813
96 97
1056 1065
1906 1882
1882 1784
349 392
344 375
396 402
1604 1603
1904 1906
1914 1856
1167 1162
1886 1870
1600 1608
405 406
701 692
233 242
476 475
1600 1605
1456 1461
194 197
1319 1338
1292 1285
1781 1775
760 759
1693 1615
1805 1752
1869 1690
48 51
1240 1241
514 518
1984 1955
1766 1687
1046 1044
208 211
1927 1836
776 778
1941 1940
797 799
1321 1311
1124 1123
1813 1815
1247 1250
208 211
346 350
1060 1052
732 731
392 394
857 854
772 775
515 520
1391 1398
1191 1189
139 208
440 443
1138 1132
667 664
1219 1222
665 680
213 212
1314 1309
1344 1306
1577 1574
1525 1528
873 874
1260 1235
1998 1999
1548 1542
1176 1175
679 695
685 685
720 698
1613 1612
1782 1690
1051 1044
1268 1265
189 204
885 873
1056 1047
1718 1710
1422 1418
304 300
711 718
1891 1892
481 482
956 931
441 442
1659 1651
115 202
1858 1819
111 198
271 266
865 858
2 59
837 826
1493 1479
505 505
1382 1381
445 448
167 170
1970 1893
231 237
692 691
1190 1192
1269 1267
317 317
1523 1528
1246 1245
1227 1219
1319 1326
278 261
784 782
665 676
1314 1312
601 600
137 152
647 646
1253 1259
598 594
1491 1464
473 499
1392 1382
1638 1633
1428 1464
1866 1675
1078 1069
261 261
494 496
411 431
317 317
1348 1311
183 182
67 94
395 393
1632 1620
1836 1680
362 363
544 540
286 271
454 454
1244 1242
1465 1461
1634 1619
21 54
1733 1723
1616 1605
1088 1088
1089 1101
1319 1309
572 565
535 533
585 582
1505 1476
490 491
541 540
712 716
342 328
1590 1591
394 398
969 972
1937 1933
1168 1161
780 778
209 212
947 944
363 372
864 852
1256 1229
1193 1193
273 261
1514 1464
143 184
51 50
112 146
1125 1125
1574 1579
1493 1495
1712 1710
890 880
1322 1317
398 398
943 935
1301 1300
1222 1221
1250 1237
1627 1639
1601 1602
543 535
1385 1401
644 642
569 570
398 401
766 763
209 221
349 368
377 376
1367 1368
1661 1658
1474 1467
1966 1783
1746 1633
1652 1654
871 874
104 174
1335 1316
1363 1366
430 438
341 360
1410 1400
877 872
730 748
1205 1204
813 813
188 185
1819 1660
1141 1143
100 100
1232 1232
1922 1817
559 553
1732 1695
1869 1858
81 83
1793 1701
585 583
895 895
534 535
1866 1686
1848 1759
767 764
1733 1739
404 403
292 299
987 980
355 367
1480 1481
1806 1767
1102 1102
1343 1339
798 800
1982 1973
661 655
1368 1374
318 373
1646 1641
1027 1025
147 160
1549 1551
874 882
892 898
641 643
1913 1901
1384 1360
327 329
744 749
1933 1890
816 817
1260 1266
1902 1863
1453 1459
708 720
1834 1808
1481 1479
12 671
290 287
1446 1440
1226 1226
198 204
1793 1741
34 33
1791 1671
1526 1529
535 537
984 993
574 575
1060 1062
404 406
1532 1532
221 220
73 88
660 670
811 811
1715 1721
1456 1454
747 746
1554 1564
1610 1609
1658 1650
1036 1036
1153 1150
317 313
1228 1228
815 816
479 498
1694 1666
197 199
1247 1246
539 529
1870 1811
881 866
47 48
1719 1714
1933 1814
990 991
439 439
4 218
1560 1565
1205 1206
196 205
1114 1113
255 257
598 598
1947 1937
262 263
282 260
696 693
1498 1492
272 273
1345 1324
1080 1082
1840 1723
1354 1351
1774 1745
796 798
209 207
1864 1878
427 428
1112 1112
178 214
1939 1944
1355 1351
184 192
1298 1290
156 217
1125 1128
627 630
877 868
459 459
61 62
526 529
189 193
1235 1234
167 171
1605 1603
586 586
515 519
1646 1634
71 81
747 746
1182 1182
534 531
986 990
1753 1740
151 172
387 389
171 179
1074 1075
1154 1143
1246 1250
367 380
1585 1586
772 780
352 389
1343 1312
579 579
828 827
346 357
671 689
1565 1561
1540 1550
1503 1464
1097 1098
458 457
202 202
1871 1879
651 648
1586 1585
1783 1780
73 69
1304 1296
1082 1082
1506 1486
906 905
248 242
659 683
486 488
1419 1418
474 490
1006 1002
1391 1383
383 393
411 428
394 398
1367 1368
874 877
1321 1336
1558 1568
345 393
18 874
729 728
1442 1454
1136 1136
939 936
258 255
1006 1014
249 254
105 234
519 515
1233 1232
150 140
1332 1316
786 791
22 48
920 914
1841 1812
1660 1661
1425 1413
50 52
1247 1265
360 391
1601 1604
1497 1498
949 947
264 259
1159 1160
1732 1709
1257 1258
1110 1107
41 51
1633 1627
304 302
738 743
22 41
889 875
136 146
1462 1460
710 710
408 406
142 142
967 963
754 754
111 181
1107 1105
517 523
1911 1813
227 228
398 399
1773 1741
1481 1483
439 439
1391 1397
1396 1399
1198 1198
205 201
976 982
1921 1856
390 391
1747 1748
1666 1657
842 844
1909 1659
1575 1584
1610 1613
450 452
222 227
1651 1641
103 167
1181 1180
238 252
1185 1192
888 889
1173 1174
801 806
1165 1152
1303 1301
1442 1453
1746 1697
967 963
634 635
1592 1592
1052 1051
621 621
636 636
538 533
293 304
1985 1941
596 598
1491 1463
1638 1600
1162 1148
1746 1595
1572 1573
318 391
140 148
305 305
696 696
1188 1195
1968 1973
1365 1363
1801 1790
58 72
845 823
1524 1528
5 707
954 954
1152 1145
1809 1803
725 708
1444 1444
1540 1536
1835 1810
1562 1572
743 741
314 314
1491 1476
532 533
674 675
1412 1418
1241 1229
830 828
78 82
1096 1096
1102 1101
1694 1662
1486 1481
594 594
1110 1109
1445 1442
1302 1298
1968 1922
957 949
1207 1207
1733 1717
477 489
1395 1379
665 686
1632 1633
1909 1887
143 152
1195 1190
790 808
431 429
981 979
1995 1972
1773 1726
155 155
1236 1229
660 661
1184 1182
630 630
542 540
1454 1441
552 554
961 965
308 308
1510 1507
1991 1929
564 563
1023 1025
1467 1473
546 548
1255 1268
980 979
1301 1299
1784 1787
788 786
1647 1619
626 625
875 870
495 497
1547 1565
286 300
109 108
1402 1402
842 851
1536 1586
1926 1930
1406 1404
294 306
1443 1437
468 470
418 407
281 279
1981 1982
503 508
924 923
1547 1561
1159 1160
1450 1446
1905 1797
1342 1312
293 310
1052 1051
1792 1682
509 520
274 278
1781 1768
592 592
123 197
1355 1359
998 996
581 580
182 185
1776 1682
1561 1563
825 825
1327 1322
912 912
26 24
1750 1750
1958 1797
1280 1277
448 446
870 860
255 257
738 736
950 950
1083 1087
1695 1623
475 507
1344 1335
1633 1627
1559 1565
1597 1604
1181 1180
957 956
1585 1582
299 301
1871 1864
813 813
158 162
1643 1629
427 427
20 417
1483 1474
353 354
1164 1164
1678 1671
1706 1708
455 455
1628 1627
1311 1309
1117 1117
1949 1868
477 501
1466 1460
1030 1029
933 934
690 691
50 51
1831 1629
128 176
287 317
1565 1561
509 517
1479 1483
1804 1725
1604 1603
898 897
1535 1559
573 550
1971 1909
1726 1720
830 829
595 594
125 149
83 87
1036 1036
944 944
1761 1726
806 804
783 773
697 722
1747 1661
72 80
1881 1788
1240 1232
735 750
1673 1650
1878 1857
114 117
1658 1665
1969 1962
1482 1480
1057 1062
691 692
238 244
964 974
356 383
1822 1754
1418 1409
1547 1560
605 605
1877 1850
1367 1367
1685 1623
912 915
1466 1460
1276 1277
1343 1308
175 207
1870 1714
677 685
861 861
641 643
717 718
1505 1490
1732 1722
334 333
847 856
1320 1321
156 179
1063 1062
250 259
420 436
111 164
1060 1058
1027 1026
251 250
1204 1202
1666 1656
603 602
521 537
227 232
1137 1139
283 286
324 320
98 97
712 712
801 801
859 858
1987 1632
533 536
78 81
652 652
456 459
408 410
1706 1625
669 684
1917 1794
1589 1589
1340 1313
1109 1108
1895 1665
841 866
403 403
392 390
1290 1289
63 79
1937 1921
1519 1510
279 273
550 570
987 984
90 93
1653 1638
405 406
1510 1511
364 369
1486 1485
848 844
612 609
1480 1474
1326 1309
1537 1541
1866 1871
1506 1484
1473 1461
815 811
916 918
322 404
297 300
923 924
211 197
1558 1581
918 917
731 735
580 582
963 967
1248 1240
1615 1619
1406 1417
1549 1530
777 778
1985 1986
808 803
1338 1304
1778 1732
1825 1723
1127 1121
1557 1558
382 391
501 499
1830 1688
917 916
635 637
1449 1450
1843 1843
1334 1285
207 217
1473 1466
1590 1590
1987 1645
577 555
1358 1351
1900 1610
1587 1584
1331 1309
1037 1036
384 401
1219 1219
935 932
1360 1357
409 407
1244 1243
710 712
45 45
1473 1467
1266 1238
1911 1753
219 220
927 927
546 541
832 832
660 669
1913 1805
496 498
15 104
180 215
999 981
1111 1103
1574 1573
490 490
592 592
1468 1463
695 695
653 649
1593 1594
340 339
481 480
86 100
1625 1635
906 909
1725 1726
481 482
1944 1944
774 777
1060 1053
1034 1030
1844 1748
61 57
575 576
1590 1590
1890 1839
759 762
1209 1209
104 97
473 484
1737 1624
148 193
1309 1281
1487 1487
545 545
127 165
14 61
277 278
53 61
138 166
1702 1646
1943 1889
230 229
91 87
1356 1358
797 799
632 632
448 445
1677 1651
979 979
111 204
477 507
677 686
146 167
593 593
29 69
1492 1500
267 263
157 159
895 900
1197 1197
853 860
1621 1606
1913 1613
851 854
1230 1228
1285 1283
1826 1818
1780 1782
1009 1015
185 221
14 62
1780 1681
1615 1611
910 906
263 266
1769 1612
345 394
157 154
366 382
17 304
956 947
1663 1601
498 498
1349 1302
1439 1438
1669 1655
1347 1332
1403 1400
1745 1660
1510 1479
20 70
681 686
1390 1351
634 636
35 35
16 46
1301 1292
974 971
1838 1779
469 472
338 396
332 371
1394 1388
640 645
1760 1740
1858 1831
1084 1084
640 640
1971 1714
1003 1001
173 185
1883 1882
554 555
347 370
733 739
1123 1123
372 384
1487 1496
639 645
991 987
1637 1638
1533 1534
1960 1962
1018 1020
1706 1641
920 917
1822 1630
1850 1842
419 419
1544 1552
781 770
1233 1232
597 595
98 98
1575 1572
764 764
1015 1015
248 249
1132 1136
1258 1269
225 239
1914 1825
440 443
1259 1249
1739 1676
946 928
264 258
1091 1092
1175 1173
1349 1316
35 35
1136 1136
959 975
1531 1531
421 434
629 632
345 378
1392 1384
1337 1329
1224 1210
704 714
1841 1847
330 350
1177 1175
870 874
1857 1709
1591 1592
1602 1603
1523 1496
422 425
1372 1365
584 585
251 262
1236 1229
775 772
1597 1591
407 437
356 365
738 731
1245 1235
1789 1659
140 137
1896 1792
1726 1723
992 993
1057 1048
969 966
112 156
1950 1900
1464 1463
505 504
637 637
527 530
177 196
1363 1362
594 596
1193 1191
369 377
1749 1742
298 304
1357 1354
1871 1812
866 861
1064 1065
1744 1632
1962 1704
1540 1536
953 943
1556 1556
939 934
1029 1029
1618 1607
148 208
1634 1622
1762 1750
1813 1791
39 46
1322 1315
554 555
1483 1479
229 229
1216 1217
89 82
159 165
471 469
1867 1858
1191 1194
1410 1413
1475 1474
1761 1759
1495 1480
1422 1406
1292 1281
1273 1234
842 843
1460 1460
1552 1546
535 528
1323 1328
526 530
1946 1918
1159 1158
882 880
1177 1180
323 339
672 691
272 268
1961 1930
556 569
1845 1796
271 271
464 485
81 90
1313 1316
1900 1813
1047 1056
1885 1819
858 863
163 167
212 218
1681 1679
1246 1258
408 407
371 383
1578 1574
402 402
300 297
474 478
1434 1440
684 688
484 498
979 979
1351 1350
455 455
672 673
260 257
931 928
1485 1482
490 491
878 864
269 267
783 784
358 353
1932 1664
553 549
1084 1086
1090 1090
662 665
1912 1862
1461 1465
1633 1630
88 96
954 952
616 619
456 449
478 483
356 394
345 375
537 531
295 308
139 138
900 901
1691 1692
60 60
325 315
1560 1572
483 487
820 820
197 198
909 902
167 171
1346 1353
1357 1363
171 208
1441 1456
159 161
753 751
332 381
258 255
1485 1485
1427 1443
1949 1881
1690 1686
401 402
1891 1889
422 428
750 747
200 209
1658 1646
1642 1608
1389 1398
787 807
1786 1705
262 256
499 498
477 493
1329 1309
677 675
327 345
1252 1265
131 160
1793 1757
762 758
1909 1667
1972 1973
1101 1099
1313 1316
611 615
631 631
1418 1414
738 741
589 592
1583 1579
1324 1337
1228 1228
1387 1383
1197 1197
120 241
1399 1400
914 913
295 307
1209 1209
1581 1571
762 768
38 87
919 918
1075 1074
1339 1313
961 959
222 225
866 861
1668 1635
488 497
1718 1718
86 89
1881 1633
658 681
1283 1283
725 699
642 647
1234 1231
613 613
1463 1462
1898 1894
1612 1604
1960 1941
1735 1714
1484 1470
123 153
1919 1921
1881 1891
1365 1369
1599 1609
1942 1745
1257 1257
218 217
805 802
1860 1840
334 360
1068 1074
557 548
1379 1378
1148 1145
607 606
1777 1711
1634 1631
1817 1812
1837 1713
1587 1592
1315 1318
1557 1582
818 820
1646 1650
1385 1353
624 620
1246 1249
783 781
1078 1072
462 467
928 928
1315 1313
952 949
1838 1703
239 241
684 684
632 632
1244 1240
1667 1636
436 441
1321 1320
1980 1971
759 758
921 918
1407 1414
384 384
872 878
1742 1696
807 808
1434 1411
500 500
243 248
504 499
1821 1792
528 540
1657 1629
292 291
860 862
493 496
483 479
1249 1241
1677 1670
1267 1267
1686 1671
735 737
216 217
1446 1447
1579 1581
1253 1266
1466 1462
279 258
808 807
880 867
892 894
526 536
973 969
127 158
785 781
1371 1364
1628 1605
1639 1616
884 877
253 263
1261 1248
856 857
1768 1726
56 83
939 935
1167 1147
950 950
1767 1726
605 604
1166 1150
231 264
1425 1429
1514 1508
887 882
1177 1179
1354 1351
1259 1251
859 860
607 607
411 409
946 930
909 910
117 217
546 543
503 508
1505 1495
438 441
127 210
711 708
1920 1847
1794 1783
906 914
605 604
151 164
711 709
95 95
434 434
733 740
1797 1804
1202 1202
968 966
1603 1606
1234 1236
465 477
1520 1484
273 260
381 390
430 435
1716 1718
234 229
1742 1679
1105 1115
682 682
805 808
1693 1641
1595 1595
1628 1624
1218 1220
1445 1456
677 681
1187 1194
390 390
1957 1933
1549 1546
1834 1832
246 249
1639 1638
1858 1792
185 187
1865 1815
337 358
1605 1603
582 590
1566 1569
25 31
296 310
1646 1621
1342 1344
819 821
1715 1714
1777 1730
949 947
731 731
844 833
245 252
1353 1351
1678 1647
211 210
1474 1475
87 84
1285 1284
1232 1231
126 198
836 830
455 454
1492 1496
1746 1722
1849 1832
382 396
620 618
1905 1684
611 613
1416 1410
1546 1578
1325 1314
838 835
206 209
500 500
1417 1416
95 96
1766 1714
1434 1410
1305 1306
1065 1066
562 551
1018 1017
1305 1298
559 555
1476 1474
1175 1175
175 176
983 982
1787 1672
692 691
355 353
278 271
917 918
1620 1622
604 605
1741 1690
1437 1439
1128 1121
995 986
1738 1742
421 420
62 72
1782 1616
777 774
1334 1304
863 852
1336 1292
1300 1290
607 612
609 608
101 100
210 197
185 183
1995 1981
1047 1052
1315 1299
865 865
1401 1398
927 927
520 515
1022 1023
1674 1670
494 496
821 822
1080 1081
354 401
156 191
1551 1541
1446 1441
1050 1053
1291 1290
1789 1739
284 274
1343 1302
1320 1299
1328 1313
261 259
1884 1748
116 267
677 679
377 380
906 909
1248 1267
1454 1459
1586 1588
1299 1301
709 720
1333 1337
945 939
53 99
661 663
1199 1196
672 672
1232 1231
850 850
1177 1179
519 517
758 764
1965 1920
1928 1733
1174 1176
184 192
758 759
1202 1206
371 367
1297 1276
1428 1454
1622 1620
1204 1206
1961 1755
200 206
807 805
1697 1688
1998 522
1778 1775
303 305
45 46
735 746
1298 1275
1393 1390
1866 1763
1503 1478
1456 1460
1640 1639
914 912
1837 1698
1215 1208
384 397
159 165
1885 1816
1447 1455
1682 1674
696 700
652 656
895 891
1499 1486
861 859
959 973
1264 1248
115 134
1631 1637
1273 1257
244 256
1533 1531
1725 1723
1557 1543
15 263
1542 1549
194 201
380 392
1579 1577
177 205
840 832
745 746
1174 1176
877 869
283 309
1675 1673
1787 1733
1786 1657
496 497
1857 1858
275 266
1233 1236
528 526
1182 1181
1050 1054
1717 1720
236 249
72 86
537 537
1035 1036
168 190
1134 1135
1604 1605
320 320
1851 1850
615 615
1767 1710
434 434
1431 1433
91 86
404 405
202 199
1489 1493
1389 1392
1408 1400
85 102
989 990
812 811
857 864
240 254
1848 1724
759 764
1107 1111
1698 1680
1191 1186
785 782
45 46
728 743
669 691
647 646
480 498
1442 1440
1846 1775
53 54
1873 1853
345 363
816 812
1330 1332
173 170
1856 1828
298 301
1705 1638
1181 1182
1280 1281
1144 1143
1946 1936
1566 1562
1356 1356
362 360
82 85
5 709
1024 1026
917 916
260 259
1145 1147
997 990
722 724
1861 1673
971 965
590 593
671 668
1501 1471
1271 1263
343 346
1821 1729
167 167
1923 1741
1815 1801
1945 1952
1565 1565
824 825
102 101
396 399
1624 1640
396 402
805 802
1003 1005
1843 1843
1323 1301
847 846
261 257
1173 1173
980 978
1120 1120
1534 1532
991 993
1245 1243
251 252
811 811
383 393
722 720
85 85
1601 1604
1512 1476
564 563
1375 1355
974 969
664 668
555 554
665 668
725 694
1518 1501
522 518
672 685
4 213
225 232
1974 1957
1733 1716
55 68
355 364
685 685
706 713
723 712
1220 1213
1850 1648
1285 1283
843 841
72 93
1610 1611
1571 1577
561 554
1726 1721
647 647
1011 1016
723 724
478 475
565 556
1652 1652
1903 1823
1704 1711
693 692
1975 1721
1152 1161
517 518
1404 1408
1094 1093
101 101
582 582
147 142
1793 1680
836 822
1562 1591
694 695
1810 1766
1983 1974
987 984
1581 1568
555 552
107 127
1915 1922
1370 1363
1281 1282
1792 1708
551 567
559 557
785 789
1526 1529
602 592
1937 1802
1468 1462
784 784
1599 1591
1041 1037
905 910
57 57
498 498
1221 1215
49 50
1542 1547
1296 1286
256 257
791 797
104 168
1240 1231
962 963
731 736
495 500
1692 1688
529 528
1105 1102
1545 1539
1573 1578
1882 1766
337 336
867 876
694 694
552 554
67 83
864 866
687 684
1805 1809
1677 1673
495 497
1753 1680
285 273
180 213
1011 1013
1005 1006
459 459
904 903
1672 1667
15 68
1432 1443
1964 1809
1831 1730
608 607
1600 1602
1303 1305
1685 1621
72 91
307 309
1985 1846
463 477
1522 1511
1154 1157
1439 1440
607 604
922 921
1017 1027
953 951
1409 1410
60 64
1727 1728
1669 1658
836 837
1775 1783
457 459
1179 1172
5 4
1300 1280
1110 1105
1575 1576
572 556
1457 1455
1062 1064
371 384
270 279
122 122
1553 1552
19 197
392 393
818 826
828 831
1640 1612
1572 1571
840 835
754 756
1616 1605
1023 1030
1045 1044
1395 1370
379 387
415 412
507 507
615 615
1179 1172
8 7
1018 1017
916 918
78 101
1455 1458
1477 1470
290 297
1617 1614
878 881
514 514
967 964
677 684
1327 1325
906 909
1474 1464
998 996
415 438
634 636
602 599
791 794
920 914
1682 1670
1204 1204
1265 1267
1070 1072
700 701
234 252
676 679
452 455
599 601
1565 1569
1679 1652
975 976
793 790
830 829
591 592
1046 1047
1016 1016
1704 1613
328 364
970 967
1156 1157
385 382
1771 1710
110 208
1727 1718
810 814
1831 1832
803 804
800 800
1258 1269
1418 1417
723 713
352 352
398 395
1684 1673
162 162
221 221
1830 1834
1240 1233
1762 1758
1535 1579
316 317
1157 1153
1512 1472
226 242
1357 1352
1820 1811
1519 1528
1211 1210
1268 1259
280 288
1024 1024
240 246
1980 1937
291 291
112 140
919 916
1538 1526
755 748
885 874
1532 1532
1638 1640
688 684
1896 1883
1897 1712
785 793
1087 1083
201 200
1022 1023
1172 1172
351 353
743 741
124 224
1077 1074
1290 1284
1543 1579
1564 1586
1623 1604
317 317
927 927
1041 1044
707 703
1917 1755
1070 1074
434 432
1681 1677
1715 1720
1213 1213
1813 1647
1870 1762
243 246
84 99
1092 1100
660 664
1402 1402
252 257
145 164
220 220
1109 1111
102 101
168 186
793 804
1394 1395
37 62
1092 1093
1600 1601
1797 1800
1868 1802
473 475
1563 1582
675 677
429 433
361 372
1385 1368
424 427
1847 1773
1731 1673
606 609
1195 1187
1546 1528
1363 1374
122 121
756 765
1660 1658
857 855
647 647
232 225
1174 1176
335 332
1119 1116
1966 1649
1173 1174
1256 1269
1522 1504
836 826
1188 1188
138 143
10 218
810 814
1369 1366
713 699
809 811
1591 1591
16 242
1270 1265
1854 1734
321 319
395 400
1418 1413
1096 1096
489 491
1519 1526
1139 1138
1493 1495
1730 1692
1435 1397
1979 1981
1995 1989
1341 1317
1098 1101
989 989
1899 1809
736 736
1085 1088
1051 1055
1491 1463
1737 1739
1261 1265
751 756
1640 1635
1758 1709
309 307
21 55
958 932
1422 1422
1739 1730
937 932
1786 1706
835 833
1106 1104
1458 1460
604 607
1573 1570
1448 1464
1132 1132
1452 1437
323 319
1100 1102
1598 1595
1287 1287
1155 1154
192 197
960 972
617 616
128 140
784 777
1325 1292
1220 1219
262 255
167 167
107 114
605 606
958 956
1987 1884
317 317
378 371
1974 1957
1234 1236
569 570
1223 1218
294 313
997 998
532 536
1539 1535
1856 1842
1570 1581
1647 1630
229 229
1749 1730
179 181
450 445
1218 1212
1555 1583
321 342
855 857
1581 1580
1174 1175
1099 1100
1180 1180
141 198
464 471
1995 1973
1886 1871
440 442
736 735
269 267
1446 1440
76 78
1721 1720
1294 1297
770 771
1741 1729
1344 1350
191 197
814 813
654 654
1131 1130
484 493
1008 1011
1248 1234
1910 1793
426 423
1041 1043
731 737
1833 1698
775 775
301 299
898 897
1667 1650
1159 1159
1222 1215
1640 1637
1624 1612
1272 1267
521 524
479 501
1581 1583
337 375
739 745
562 567
674 674
1794 1606
1158 1151
1322 1329
360 385
1881 1807
6 44
1001 1001
1240 1239
1157 1150
1005 1002
1602 1603
177 221
636 635
912 912
1576 1574
1095 1095
1531 1529
1685 1621
1447 1442
668 671
474 501
1944 1743
1409 1418
1218 1213
250 257
1973 1738
1168 1162
123 161
1574 1576
1923 1775
1991 1964
1229 1229
436 438
1335 1289
759 765
1824 1793
1046 1049
70 84
864 853
1067 1065
1406 1404
944 941
216 217
1033 1032
1991 1803
381 394
1249 1237
832 832
1420 1410
1958 1935
379 396
1034 1035
1149 1149
499 503
1428 1455
1232 1232
147 148
200 197
543 542
1666 1652
78 101
1898 1852
1865 1866
308 305
1461 1458
321 318
1455 1458
1384 1364
1038 1036
1006 1004
1027 1025
1692 1688
1169 1176
1665 1621
818 821
1177 1175
1803 1594
1814 1722
599 602
1870 1801
320 362
1032 1028
85 77
536 540
419 436
597 598
7 218
930 930
324 320
1503 1496
1500 1472
19 158
1751 1756
752 745
1072 1072
1101 1101
1335 1294
1891 1889
339 367
484 479
1497 1497
1208 1208
1983 1991
1117 1113
1922 1767
348 392
971 974
819 819
1515 1503
1019 1022
1341 1353
1785 1784
156 194
516 516
1848 1849
125 173
694 695
1839 1807
935 935
1145 1146
218 219
836 836
532 527
1866 1722
377 375
1735 1705
1718 1713
600 592
762 766
329 365
1376 1352
538 527
1913 1728
580 580
107 155
1042 1042
703 714
165 200
92 84
1431 1448
1211 1211
1194 1198
1806 1796
1381 1379
333 360
1717 1722
197 200
1432 1444
758 764
1796 1769
497 503
1053 1043
883 870
1968 1765
832 830
1739 1670
103 160
485 494
1626 1617
113 179
1897 1899
669 675
22 50
660 669
873 873
1832 1822
1630 1632
1847 1849
1399 1397
62 67
1535 1583
1191 1193
1732 1693
1679 1680
718 696
1421 1414
224 239
1836 1821
1895 1885
94 89
1022 1023
1267 1267
1393 1398
748 749
390 391
1890 1847
627 630
1702 1665
1604 1604
192 197
700 691
909 911
698 711
911 913
760 767
47 47
220 220
730 729
1774 1782
1820 1818
1673 1660
958 944
87 84
605 606
1002 1002
978 981
1986 1991
437 439
1849 1614
1445 1450
537 531
1391 1369
1623 1604
1030 1029
1398 1397
731 737
1980 1981
1497 1500
623 621
1607 1610
1021 1022
1007 1011
1254 1231
1447 1452
1436 1425
1777 1763
854 855
757 757
1011 1015
1335 1332
1337 1329
1622 1623
228 235
1879 1892
1256 1269
1110 1098
1343 1321
267 262
357 361
389 394
428 435
339 389
254 262
1754 1680
472 469
1448 1440
687 692
1750 1753
1521 1483
82 79
1068 1066
1858 1819
1995 1994
1033 1034
405 406
744 748
65 94
1549 1538
263 258
1944 1596
1989 1990
1905 1805
307 310
1473 1462
1104 1105
679 691
997 998
595 595
245 247
1340 1302
691 692
414 424
1641 1637
781 784
1421 1400
226 224
1412 1413
717 716
1611 1611
698 699
466 490
1788 1660
1474 1471
1814 1822
1386 1366
562 551
1372 1376
882 874
1955 1954
1756 1746
975 983
1862 1867
481 480
69 79
1663 1649
1723 1720
974 971
1548 1556
1026 1024
1852 1773
1494 1491
1474 1465
1683 1681
805 802
13 570
819 819
72 81
1761 1764
1262 1267
1935 1914
1491 1480
1076 1075
1784 1774
1969 1839
200 200
905 902
621 621
1222 1211
1951 1670
259 257
1884 1770
1011 1016
1690 1668
1422 1402
198 200
1426 1440
1956 1638
295 290
895 901
143 192
1356 1353
1776 1778
624 626
1150 1148
1459 1458
876 881
568 565
796 794
544 539
1151 1148
725 692
118 200
1405 1405
1253 1230
1593 1591
1767 1706
1591 1588
38 88
1131 1133
1756 1750
130 129
1061 1063
1358 1360
491 490
825 825
380 375
1871 1797
1119 1122
1263 1262
240 252
1443 1449
792 790
1684 1677
552 555
1400 1399
92 79
70 82
842 830
941 946
1440 1451
977 975
883 883
493 498
839 832
414 410
929 930
389 389
392 393
1952 1756
309 302
1288 1290
1472 1466
1067 1066
439 439
620 619
1485 1478
1715 1712
1019 1020
1806 1778
331 334
1100 1095
1501 1500
223 226
401 402
302 308
715 719
1627 1638
1450 1446
1653 1639
1300 1279
790 795
960 967
905 914
1762 1758
1601 1603
122 138
272 273
1426 1423
1425 1431
1752 1710
1784 1750
730 734
1660 1654
1407 1399
1617 1617
1863 1851
172 186
701 701
155 157
1377 1374
1009 1004
1043 1042
867 881
1988 1969
1298 1301
834 831
868 865
1936 1922
1015 1015
1801 1796
503 507
509 515
449 454
1490 1474
974 971
274 270
763 768
656 656
602 592
1163 1146
431 430
1034 1030
781 781
1288 1287
1388 1375
1989 1801
1010 1003
933 932
1930 1879
1606 1614
1868 1802
1947 1833
1531 1529
565 558
1570 1568
113 137
714 717
469 466
732 738
626 625
1423 1402
910 906
1882 1853
369 370
370 377
1953 1954
1547 1559
562 566
1713 1712
1599 1602
1072 1070
415 433
942 930
1968 1844
1326 1313
278 261
1 233
1342 1349
1637 1641
1907 1877
1995 1984
934 932
1950 1895
465 466
1736 1689
796 805
1651 1637
790 800
1021 1019
85 96
1856 1832
1989 1901
318 335
1927 1872
357 356
467 471
802 804
1431 1424
1740 1666
1157 1152
791 789
143 171
352 348
1168 1164
89 100
1248 1258
828 831
499 501
1603 1606
1420 1416
763 769
906 903
1718 1720
61 62
1215 1217
1686 1683
86 85
875 862
1348 1290
1168 1163
290 299
257 251
908 904
512 513
1925 1915
599 600
1119 1127
1350 1353
1929 1861
663 665
306 304
984 979
301 303
761 762
1462 1463
1387 1387
146 155
473 500
697 722
571 557
253 263
106 104
97 98
362 363
759 766
1629 1604
423 424
1829 1730
434 436
1395 1379
139 165
817 816
48 51
1272 1266
898 900
642 640
199 206
949 950
1103 1101
1074 1072
1484 1465
795 797
838 845
988 979
1181 1182
1048 1063
1101 1099
1094 1097
1322 1314
509 511
1116 1109
99 100
1326 1328
235 264
1937 1848
163 173
90 88
984 980
1871 1833
1817 1739
626 630
1055 1066
889 893
460 467
870 858
721 711
928 928
666 670
591 590
537 539
256 262
1649 1651
1480 1476
1154 1162
1757 1743
1928 1698
1873 1855
417 403
717 714
297 309
51 52
468 462
1105 1114
720 709
1113 1104
1421 1406
148 141
708 700
1384 1382
1201 1199
1349 1353
541 542
925 925
965 964
759 759
208 211
417 420
515 515
1445 1453
674 682
1167 1149
84 102
1115 1117
1448 1450
986 983
1082 1081
657 675
571 574
1380 1378
86 98
432 432
461 490
1048 1051
581 584
796 794
1232 1231
1633 1627
670 681
420 431
289 297
1936 1776
435 435
1289 1289
653 674
1252 1250
339 361
72 92
1644 1637
379 390
1559 1559
55 69
764 764
1471 1468
1804 1802
1941 1915
1611 1611
1482 1477
575 572
1721 1720
1784 1723
221 220
1790 1789
478 492
1460 1462
557 559
1599 1591
870 861
1389 1352
875 869
1778 1743
1363 1369
261 256
1958 1962
1565 1561
152 137
611 613
1788 1640
708 704
828 829
1370 1368
1581 1581
1938 1886
261 260
596 599
1161 1161
974 969
1800 1819
733 736
848 849
1112 1109
141 142
1911 1652
1844 1851
951 947
15 287
805 808
949 947
1012 1012
378 406
761 763
909 906
1894 1643
230 229
149 136
1812 1712
209 204
911 912
791 804
1226 1225
1649 1651
1793 1686
919 916
335 342
430 432
637 638
917 918
831 825
1320 1335
1328 1333
1559 1563
1212 1214
304 301
784 782
974 973
1065 1065
979 980
104 202
990 985
1908 1911
1352 1350
1661 1648
1834 1813
1178 1173
1613 1602
1193 1192
455 454
850 849
203 206
963 965
791 796
747 745
950 949
1176 1175
1477 1459
872 869
232 238
729 733
17 133
1976 1779
997 994
530 530
1488 1493
165 180
1216 1209
466 496
1972 1971
1655 1642
1386 1374
1912 1884
544 543
1377 1378
817 816
982 982
1788 1795
1800 1813
1205 1206
1986 1898
1594 1593
835 834
224 233
665 677
1950 1923
814 815
1516 1499
245 251
1626 1613
512 513
1935 1844
1302 1299
1193 1191
1436 1442
1992 1983
1668 1638
1219 1219
1429 1449
532 537
514 516
319 382
398 401
1377 1371
1052 1057
785 782
654 666
588 589
1601 1601
1759 1753
1420 1421
1379 1377
1249 1244
1940 1952
1172 1172
173 167
1793 1796
969 961
1739 1708
675 674
367 383
522 529
966 960
3 280
1135 1131
30 65
1791 1796
754 748
580 581
304 306
399 397
449 450
493 496
1932 1741
869 871
1295 1293
1997 864
1447 1448
1510 1495
1541 1551
816 812
101 101
1702 1690
1261 1244
1235 1234
1036 1036
1327 1327
687 683
885 872
638 638
1052 1053
124 180
121 175
790 803
854 852
804 804
873 876
519 524
316 317
958 966
1693 1667
1853 1840
1585 1587
1698 1642
470 473
1773 1709
414 414
312 312
514 516
345 365
1926 1789
1672 1670
1500 1490
584 584
724 716
54 53
898 899
13 4
33 45
1613 1611
421 428
1498 1500
667 664
535 538
90 93
875 858
1476 1473
1892 1725
1397 1398
1192 1191
1450 1447
813 813
1781 1775
1523 1491
37 45
227 228
914 912
288 299
633 636
1243 1228
284 268
867 852
335 393
1940 1795
774 773
667 672
1238 1235
1755 1753
70 69
875 867
971 969
1506 1479
513 513
1590 1591
1897 1691
1918 1912
1473 1461
1371 1369
707 703
1049 1047
1081 1082
1743 1678
60 68
1004 1003
1053 1059
1734 1712
1953 1945
1247 1252
944 945
1786 1643
807 805
1053 1055
904 902
1154 1159
1526 1526
1055 1062
1916 1917
1030 1029
99 99
1491 1495
164 191
811 811
889 880
510 526
1467 1470
1667 1659
1989 1722
1791 1721
894 900
1093 1094
186 187
87 86
1222 1218
391 392
1804 1757
1248 1261
1947 1942
429 435
1210 1209
362 360
1248 1259
922 919
832 830
388 397
321 322
77 91
392 390
1493 1493
1039 1041
1154 1159
1233 1236
709 717
291 291
1947 1850
1382 1385
1101 1099
1230 1228
411 419
1360 1358
486 485
362 361
106 205
1308 1295
1480 1475
979 980
1248 1240
1476 1469
1645 1641
1635 1605
918 917
1047 1042
1880 1684
603 603
1547 1566
917 918
1159 1160
1374 1376
741 739
1403 1403
1180 1180
1774 1690
1214 1217
148 209
853 857
1368 1364
148 141
1617 1616
1024 1021
1117 1113
1331 1314
1783 1620
104 171
879 876
1308 1299
534 535
753 755
183 183
364 380
75 74
1492 1488
258 260
546 547
522 516
1563 1586
1909 1904
1705 1666
1455 1452
1317 1303
1771 1787
498 498
1781 1780
1728 1728
1284 1283
1431 1441
179 182
1950 1952
1719 1717
1046 1047
1052 1057
72 75
1386 1362
1365 1368
81 85
1240 1242
339 335
706 698
973 983
1223 1225
899 892
600 599
163 202
1642 1631
1591 1591
532 537
1939 1919
124 261
246 247
482 483
1705 1707
574 561
628 629
1767 1725
448 445
136 177
178 177
1331 1294
13 543
1465 1465
382 389
1040 1044
136 167
696 697
961 964
779 779
850 851
710 714
1115 1114
143 154
1133 1123
1049 1047
427 427
1777 1712
1623 1613
942 951
945 944
1873 1826
617 616
792 801
252 264
1637 1637
546 545
1903 1864
1338 1307
1713 1714
958 954
272 273
1873 1885
1052 1051
712 713
1125 1121
12 864
936 934
1593 1592
218 218
1718 1716
4 141
177 204
180 200
254 253
831 827
846 856
724 724
1160 1142
1300 1299
1030 1030
1679 1600
1638 1624
1210 1209
432 432
779 777
753 751
733 732
1750 1750
1265 1259
1258 1254
1322 1331
785 798
1114 1114
900 900
1559 1558
1334 1281
94 102
1376 1362
1916 1718
1254 1237
954 962
1326 1319
1914 1771
147 163
1639 1623
1620 1611
1166 1155
1943 1956
1616 1607
673 672
2000 1924
243 243
1317 1298
1039 1041
319 386
1345 1346
156 171
1282 1277
646 646
204 201
1618 1604
1242 1244
195 198
750 747
403 403
1890 1892
1439 1440
993 990
1281 1282
1973 1950
360 381
1390 1396
1737 1681
745 747
1304 1304
827 826
1560 1570
737 731
1853 1819
834 835
1911 1913
1098 1101
668 671
598 594
1041 1043
357 356
1996 1998
1148 1146
1330 1318
665 664
494 494
627 631
441 440
956 971
1820 1798
230 230
1750 1719
1606 1602
1666 1667
1318 1323
1877 1792
1983 1930
237 231
1657 1664
1780 1710
1589 1590
795 794
429 429
116 116
330 386
70 81
502 501
1872 1795
1664 1654
1162 1161
1707 1706
978 981
1971 1639
1787 1594
1385 1350
1932 1898
28 52
717 718
1802 1798
1469 1475
255 258
1537 1539
190 186
97 100
541 542
1624 1610
1086 1085
369 385
1840 1849
151 172
586 592
294 310
1583 1575
168 190
1131 1131
1720 1719
1731 1738
1079 1085
1584 1591
600 602
1283 1282
1571 1569
1765 1676
408 410
682 682
1555 1555
1212 1210
1627 1630
1053 1049
1113 1094
342 344
332 350
1087 1085
465 477
915 915
1421 1401
1326 1328
893 895
155 157
930 929
1987 1819
22 52
1050 1057
33 43
945 949
1494 1485
1806 1763
1695 1671
392 394
903 905
1856 1833
1271 1264
106 216
1710 1710
476 487
1528 1526
1094 1092
1964 1851
67 65
86 86
1097 1094
427 428
1996 1015
753 751
608 608
1475 1464
1818 1822
1372 1371
330 364
1800 1763
1435 1457
293 289
797 801
1263 1262
1537 1558
620 618
1671 1621
433 433
122 132
705 705
1782 1787
303 311
639 639
528 531
1438 1437
1886 1889
1889 1891
1334 1322
1425 1445
1424 1419
727 727
1451 1437
1839 1802
1683 1683
918 919
1917 1924
76 78
215 218
284 281
1360 1357
1962 1643
1432 1414
952 964
1464 1464
433 432
1507 1474
270 269
866 866
139 149
27 48
615 615
616 621
362 360
448 445
1285 1284
1617 1614
1866 1833
1757 1718
1138 1127
659 658
710 715
1016 1016
873 870
441 440
330 355
915 912
1495 1485
1328 1309
1396 1402
250 249
938 938
780 773
115 110
1522 1522
1126 1124
832 831
425 430
218 220
920 917
786 779
1194 1189
1133 1131
885 878
11 7
1540 1554
199 198
859 865
1381 1360
1847 1637
1569 1578
207 208
484 499
973 961
378 402
705 712
1150 1151
184 185
788 787
624 625
1987 1704
735 746
1672 1670
1422 1418
1399 1397
1835 1796
835 834
404 403
477 500
1306 1309
816 814
1484 1474
452 448
1429 1405
338 330
1676 1623
1489 1496
680 694
34 94
1096 1096
1131 1132
1660 1655
1785 1786
1978 1696
1673 1674
1239 1233
1301 1301
1566 1565
115 182
1495 1483
1202 1206
1138 1140
1489 1493
1914 1888
916 918
527 526
201 204
312 312
1875 1883
1089 1088
1246 1258
886 881
944 945
1427 1432
1488 1482
1717 1715
457 454
1282 1278
1942 1945
110 125
1508 1501
1373 1370
154 167
1949 1956
931 930
1439 1442
1210 1210
278 277
586 588
246 240
1889 1807
1702 1668
1416 1409
281 276
1538 1552
383 381
1880 1841
1493 1491
1481 1480
447 444
481 482
959 965
1817 1820
706 716
1375 1367
1928 1932
1112 1117
562 549
1007 1011
1793 1782
1448 1439
1288 1291
1173 1172
1699 1620
1851 1661
37 47
225 255
119 118
1257 1257
617 617
448 447
1760 1710
218 217
823 825
723 718
1744 1643
1265 1269
1325 1311
1763 1741
1257 1256
843 839
1362 1360
1555 1571
674 673
544 544
558 568
843 851
1873 1837
681 688
1396 1400
271 261
1449 1448
847 850
1824 1827
3 205
191 188
380 386
1500 1480
83 89
129 144
1103 1092
1457 1457
1234 1241
943 947
1398 1401
1984 1667
672 672
1370 1364
1055 1051
386 385
211 214
1437 1446
996 1001
870 855
1830 1800
1148 1145
1619 1615
1007 1007
1686 1667
671 669
196 201
604 604
1619 1618
941 949
7 98
408 409
870 875
779 780
720 705
586 593
947 950
553 548
144 169
439 439
1433 1438
100 100
1877 1883
1274 1274
903 910
1112 1107
673 677
1053 1057
1630 1628
1962 1881
551 574
1312 1314
1097 1098
294 306
589 590
397 396
304 307
840 835
337 364
1621 1622
1301 1298
1347 1327
579 579
1128 1124
803 803
1430 1431
1631 1638
325 355
553 576
1623 1606
1409 1404
1124 1123
1165 1156
577 578
1754 1614
1584 1584
1340 1304
1555 1549
1833 1683
1974 1879
127 205
725 704
75 83
1474 1464
1970 1973
903 904
1341 1351
1216 1220
677 675
657 666
373 368
1042 1043
1644 1636
460 452
487 487
926 926
369 368
1972 1970
560 549
559 559
1318 1314
842 866
1607 1610
1135 1132
719 719
1642 1627
143 175
957 967
1133 1135
204 207
454 448
1382 1367
1588 1590
30 75
657 660
884 870
958 982
185 204
1266 1262
1404 1396
1047 1056
712 715
449 454
1363 1366
390 391
1799 1630
850 851
45 45
774 772
250 251
1000 1002
203 205
246 249
1473 1463
1593 1594
162 161
1854 1606
1320 1321
1869 1681
507 505
1897 1761
1567 1582
1672 1666
1558 1570
1944 1956
1306 1301
1135 1134
379 369
1077 1075
857 857
1538 1526
1921 1696
1315 1326
95 95
904 906
333 349
1619 1618
1812 1811
1427 1443
371 370
146 157
179 188
1317 1319
1252 1259
21 65
1912 1903
1445 1455
292 298
380 388
92 86
481 480
1684 1688
1113 1104
1482 1483
222 229
1215 1225
1205 1206
653 694
279 257
1309 1281
662 683
782 777
1302 1294
530 531
1346 1332
1079 1067
356 373
1621 1618
844 832
1703 1589
1226 1226
522 519
799 799
1907 1781
17 136
344 367
153 148
623 622
400 400
1304 1306
1515 1498
879 882
993 989
1803 1658
1322 1316
294 308
965 964
1051 1059
660 661
453 453
1238 1232
1014 1011
1563 1574
1580 1585
1347 1301
1550 1550
1847 1594
1800 1604
1298 1274
117 127
540 538
1747 1738
264 257
1765 1708
951 947
437 441
157 158
1519 1498
1441 1437
292 298
1730 1637
1823 1824
1707 1646
930 929
1048 1052
1632 1632
1291 1282
1376 1354
408 409
200 205
1405 1400
857 854
991 991
1855 1689
1999 1147
1123 1128
840 837
884 880
293 305
1742 1675
1106 1110
1279 1279
1099 1095
1225 1221
1089 1100
1656 1651
6 71
1976 1977
872 878
1624 1638
654 690
1513 1472
1203 1200
1426 1435
1160 1148
1356 1353
1137 1141
579 580
1676 1682
1945 1915
1140 1132
371 372
1194 1198
276 277
1274 1275
1789 1706
572 575
1508 1486
688 694
1306 1294
1018 1019
628 629
1263 1262
1049 1050
1128 1128
869 853
951 949
1153 1155
1058 1060
345 384
1882 1676
1876 1725
1577 1589
940 934
1080 1081
1986 1968
1173 1173
115 116
1102 1102
688 691
1064 1063
1245 1248
1420 1415
1661 1650
1369 1379
791 802
619 620
1253 1238
972 970
1845 1817
1453 1437
663 664
65 101
1422 1406
476 508
461 466
634 634
1545 1537
108 133
1395 1396
1336 1306
443 443
144 185
266 255
478 487
1357 1369
601 596
1428 1442
1492 1493
1662 1662
435 443
1450 1446
1741 1742
1563 1561
909 907
943 934
1544 1541
923 913
456 450
692 692
878 866
1653 1650
434 434
644 642
38 58
1856 1838
1240 1243
51 50
684 693
1863 1886
914 913
470 464
1176 1172
675 679
1589 1589
1220 1227
1102 1101
316 316
1123 1123
429 439
351 350
1621 1617
262 257
1631 1639
670 676
433 435
1471 1469
826 825
1958 1911
1009 1011
808 803
1860 1850
1962 1840
181 180
1935 1944
276 275
1214 1212
1312 1305
1156 1155
870 865
1025 1020
246 240
410 412
1946 1944
1586 1579
1265 1269
683 689
554 556
1001 1001
767 764
1925 1924
1566 1567
1503 1468
1118 1101
1530 1527
1793 1737
835 831
1781 1763
716 701
185 190
716 708
1603 1606
590 590
8 868
186 194
1722 1721
1006 1004
1131 1127
618 618
1675 1660
1653 1654
1624 1634
1604 1604
483 501
114 130
410 412
952 958
1678 1679
1929 1907
1472 1473
1389 1376
1362 1364
855 853
605 605
1089 1092
1536 1584
1668 1657
1928 1834
939 934
1129 1126
245 241
1633 1627
81 94
614 615
1708 1634
702 702
1149 1151
1773 1744
1054 1055
1721 1722
1594 1594
1810 1780
202 204
891 894
1815 1807
137 136
447 454
35 33
446 440
175 214
1004 1002
405 406
4 447
1078 1079
1510 1506
1583 1584
356 353
1224 1212
741 742
652 676
1855 1849
136 175
954 958
1542 1541
1175 1176
872 862
1677 1669
1329 1322
127 195
483 489
1924 1736
1487 1490
382 389
1463 1462
1714 1711
1378 1353
448 449
1372 1375
305 309
1388 1388
920 918
1725 1725
1900 1651
1965 1884
693 692
305 304
903 903
909 910
392 394
143 173
860 862
881 859
624 625
1309 1277
1451 1437
1270 1236
988 981
637 637
994 990
1037 1044
1371 1363
1687 1631
443 443
196 194
1680 1677
219 220
1185 1183
1578 1579
796 803
368 375
540 535
588 588
1872 1854
1411 1411
491 492
516 530
1820 1814
204 205
1466 1468
1600 1608
733 732
840 843
503 499
1964 1967
243 242
41 67
842 864
1563 1579
1474 1471
1407 1403
1915 1824
1145 1148
765 771
698 713
1799 1636
1051 1067
425 427
1077 1073
514 522
1273 1255
1502 1503
762 759
627 629
325 323
1211 1210
25 23
1542 1546
1180 1180
1758 1760
534 531
1247 1267
89 90
324 344
512 513
1357 1365
1449 1450
13 418
1842 1736
286 280
248 249
130 131
1650 1640
1240 1231
1568 1582
1086 1088
491 493
1877 1802
1358 1359
1797 1753
1043 1043
448 445
1916 1841
790 801
492 501
1981 1957
1847 1673
829 831
208 211
1534 1529
749 749
1265 1256
893 897
668 676
1669 1666
923 922
182 182
1708 1676
835 834
1348 1305
1928 1742
493 497
1186 1188
1701 1662
729 739
887 881
1712 1710
296 296
1841 1846
1104 1110
715 697
517 525
1973 1934
990 990
397 397
1611 1612
635 635
1487 1474
632 632
52 52
138 138
48 52
1082 1082
1995 1992
632 632
698 695
412 424
1320 1309
1482 1470
1418 1409
1299 1278
310 300
760 765
480 486
1655 1655
1945 1938
1631 1626
1325 1331
693 694
608 607
1011 1012
858 864
432 432
769 769
260 264
1054 1049
1462 1463
1408 1406
693 694
26 53
1744 1660
822 826
1665 1657
1738 1742
1893 1664
802 803
1008 1004
979 980
149 145
756 754
443 443
1668 1642
1256 1233
139 219
901 901
1985 1792
1952 1928
1592 1591
858 852
775 775
217 218
749 749
211 204
364 382
1 310
711 708
1361 1360
1651 1624
551 567
167 169
1086 1086
606 608
1527 1526
1620 1621
1408 1400
1864 1856
927 927
244 244
675 677
346 362
1808 1805
1756 1699
1031 1029
898 900
1901 1688
446 448
1961 1958
1726 1720
1913 1603
1478 1462
264 263
845 836
1353 1353
1043 1043
351 349
161 166
1892 1894
1440 1443
617 616
1840 1705
137 169
1004 1005
524 533
1842 1701
1185 1189
1231 1231
1918 1919
204 207
1659 1664
1666 1652
595 594
703 708
1908 1619
1240 1232
289 288
999 988
1743 1634
1844 1719
495 494
1757 1713
543 538
1430 1431
1598 1605
1902 1594
1744 1746
1905 1775
718 696
1605 1603
1360 1360
1920 1589
837 830
800 800
1693 1674
70 78
49 49
1319 1318
769 769
1037 1036
394 403
628 630
1208 1208
1333 1324
251 262
1727 1728
522 530
1065 1066
455 454
1911 1621
423 426
93 95
971 974
573 574
1410 1406
1835 1796
1539 1539
503 498
794 808
961 965
1055 1051
410 410
1427 1438
1353 1352
1476 1475
106 183
180 199
1429 1398
1134 1127
1911 1700
580 580
326 387
507 504
1004 1006
1861 1846
916 918
1289 1288
1935 1829
1800 1733
1674 1654
1934 1826
539 536
166 184
154 157
1982 1802
911 914
1171 1174
1100 1102
415 430
764 765
418 422
343 341
454 442
887 883
905 910
1175 1176
1960 1921
1851 1833
468 482
1969 1832
1891 1887
1155 1159
1859 1784
237 260
196 206
1631 1641
237 255
1217 1214
715 719
1275 1276
1864 1864
1371 1351
1351 1350
1635 1619
245 256
1724 1720
438 436
319 386
425 427
977 975
17 133
1661 1657
1648 1652
1734 1667
303 305
1576 1576
1634 1642
348 348
1374 1369
1909 1863
726 719
1094 1093
220 220
1039 1040
1651 1619
1815 1805
1214 1212
1653 1641
1114 1111
620 618
1264 1244
1444 1450
839 831
237 253
454 455
173 169
340 376
49 50
208 212
570 576
587 587
1943 1751
633 634
1710 1711
289 288
464 463
940 945
1939 1899
698 710
1398 1401
1453 1448
1250 1243
265 256
524 528
1484 1484
1580 1589
1502 1504
141 191
1270 1270
1513 1477
1681 1673
1626 1630
413 427
1181 1180
65 95
1311 1306
1232 1231
1810 1811
139 157
81 85
255 258
1287 1285
20 325
914 913
66 79
1349 1292
586 585
368 369
148 173
853 856
318 396
877 876
964 974
789 804
1185 1187
559 557
819 819
127 149
1821 1788
709 712
1401 1399
450 453
1655 1640
893 898
470 464
941 951
176 185
301 303
492 492
1996 14
779 772
318 330
475 491
1383 1371
1119 1116
1406 1417
1194 1194
58 63
541 542
471 479
1421 1413
251 250
610 614
1898 1874
1089 1098
1512 1473
1119 1127
877 870
589 592
1105 1116
408 410
753 750
41 43
1979 1869
527 528
398 401
1535 1557
1428 1431
810 814
1131 1127
1889 1717
1833 1684
1689 1675
296 288
1999 434
884 866
1691 1687
1218 1226
1883 1848
1327 1324
925 917
957 970
1925 1926
664 663
1625 1616
1603 1605
786 800
1610 1609
1177 1175
1348 1335
610 609
1645 1647
1593 1594
279 274
1961 1678
259 259
1750 1753
278 272
1706 1642
1540 1546
941 944
1377 1372
1530 1525
1452 1444
130 135
1688 1636
6 226
1534 1530
1656 1614
549 560
759 765
967 980
98 97
1315 1297
103 201
1434 1421
956 943
1671 1621
1509 1510
957 981
1134 1136
700 708
539 534
420 422
1497 1500
372 371
874 876
257 255
1904 1794
1582 1587
1341 1298
90 94
434 432
895 896
1148 1148
989 988
63 87
1723 1721
804 803
874 863
650 646
903 901
1754 1756
1323 1275
262 263
166 184
1736 1678
592 592
809 806
696 692
15 271
1929 1866
1050 1059
1139 1134
1068 1063
925 917
1474 1465
130 129
1445 1442
617 618
179 187
999 987
1556 1528
634 638
1854 1619
1804 1681
5 443
404 404
483 483
1091 1094
727 727
1123 1125
1302 1299
489 500
640 641
1691 1615
511 516
1582 1578
324 328
1892 1872
1685 1659
20 351
813 813
307 314
1989 1987
318 350
758 765
181 180
645 645
1708 1631
1017 1016
458 459
454 456
122 120
1473 1466
1597 1597
1598 1607
947 948
457 458
326 362
1778 1766
261 255
738 750
1404 1415
258 264
1874 1893
976 980
1423 1406
1082 1083
75 80
226 258
1849 1810
1438 1448
1510 1493
733 736
1054 1053
1075 1070
1475 1470
1861 1824
972 974
31 56
194 199
820 818
495 493
695 693
873 873
543 541
1954 1928
1842 1655
899 898
103 105
1979 1801
1147 1145
1726 1720
1092 1095
1463 1461
891 891
1097 1094
1251 1256
1580 1589
1468 1462
307 314
136 145
1919 1890
350 374
1348 1351
694 695
1940 1882
508 502
1751 1687
1562 1577
1187 1194
1486 1480
174 179
596 592
134 200
1573 1575
1545 1538
699 694
1132 1130
1139 1136
618 623
535 538
857 859
1983 1967
497 508
1001 1001
1481 1480
800 800
1200 1203
695 694
1903 1672
1266 1267
392 393
1129 1127
1163 1146
1178 1178
1322 1317
731 734
732 739
1896 1889
1584 1589
1544 1575
1404 1396
346 349
624 624
795 795
370 382
1571 1589
1257 1256
56 53
1710 1711
1295 1293
1080 1080
1689 1618
138 145
198 198
1504 1493
1918 1918
957 947
822 827
830 825
865 866
630 632
1280 1274
582 586
288 316
470 483
1331 1323
840 835
206 205
1545 1541
582 592
1199 1202
74 98
729 728
1975 1977
1997 1759
149 183
1367 1368
390 390
474 486
472 468
269 269
1983 1953
327 322
1568 1583
1227 1225
1549 1551
1503 1474
460 457
941 948
308 314
1596 1592
1568 1583
959 962
358 401
1766 1768
1412 1422
1074 1074
508 504
1423 1402
622 614
626 626
1899 1685
23 37
744 743
1000 987
1650 1644
1121 1126
308 314
194 209
1070 1068
141 139
694 695
1462 1464
82 85
864 859
242 248
487 487
1403 1406
359 364
535 530
444 450
1617 1613
637 637
397 401
1172 1172
108 107
1700 1685
567 561
1986 1981
1567 1579
1444 1444
609 614
164 180
1968 1686
174 179
1933 1952
79 95
711 722
866 864
720 713
1102 1101
1085 1086
1951 1670
619 623
826 825
1082 1082
1097 1097
1368 1375
66 67
847 862
681 687
990 995
44 49
1909 1742
1365 1369
158 165
743 743
1108 1110
1316 1317
416 412
1391 1374
1606 1607
842 853
1792 1630
627 627
1272 1275
1629 1610
982 980
452 444
1894 1847
1935 1851
1409 1412
8 40
793 793
790 789
952 957
363 363
805 806
509 512
846 853
1300 1298
1156 1160
115 161
155 155
1398 1397
211 218
530 539
39 42
1359 1379
381 391
817 817
1887 1808
1865 1750
815 811
271 256
1894 1712
1568 1573
1501 1468
442 442
983 983
1169 1167
1149 1150
1569 1584
1462 1461
1933 1829
318 315
6 5
375 375
1639 1624
229 229
1895 1898
123 196
1104 1107
648 647
1700 1667
1524 1463
129 140
1117 1117
1930 1932
866 864
201 201
1599 1600
216 218
1859 1820
452 441
423 427
1381 1367
915 915
1466 1460
1617 1615
985 992
1249 1239
177 177
1346 1307
183 182
2 1173
7 83
134 209
1123 1121
1496 1497
547 541
341 328
131 151
1347 1350
1723 1720
584 584
1794 1743
162 161
35 34
1078 1075
1974 1961
431 443
1804 1687
462 463
1006 1007
995 992
1948 1950
1741 1711
1464 1463
510 533
241 240
1894 1756
1259 1250
1798 1718
739 739
488 501
1209 1209
1273 1257
694 695
406 405
887 875
1810 1762
634 634
1503 1490
1327 1322
215 214
618 618
447 446
1132 1136
619 622
11 451
854 852
1952 1784
451 445
1964 1799
760 766
1639 1613
899 893
745 747
1417 1422
1062 1063
1833 1728
348 372
1917 1871
306 304
523 535
364 361
279 251
1615 1619
255 257
956 980
1853 1822
232 235
1450 1450
482 483
724 717
803 803
531 540
993 992
488 488
1690 1645
1794 1696
1867 1853
251 255
896 897
717 714
53 78
1466 1467
858 852
316 316
1641 1629
1941 1782
1018 1017
1877 1778
1197 1196
1439 1441
1274 1276
460 452
1591 1592
940 944
474 488
1377 1370
157 175
628 627
1278 1279
868 879
906 912
1335 1280
1496 1482
1927 1924
642 647
1322 1327
1994 1638
61 58
1003 1007
309 309
1667 1653
796 800
1249 1257
801 803
577 551
724 718
1213 1213
1361 1380
366 367
275 277
213 212
709 711
88 91
1804 1771
1763 1751
7 6
887 886
622 623
536 527
1550 1571
1241 1240
699 706
698 696
93 80
340 345
122 143
849 858
782 784
854 864
330 328
64 68
786 793
1742 1703
1747 1703
296 309
1175 1172
1128 1127
1458 1458
1900 1901
370 368
1397 1399
1189 1186
310 307
1752 1745
174 175
1759 1753
22 21
121 128
294 290
17 52
84 77
1815 1813
957 962
193 191
1991 1949
1098 1101
85 77
1448 1454
1449 1445
1519 1497
1333 1332
1688 1671
1085 1082
1309 1284
165 163
188 196
1351 1353
1982 1948
1553 1573
1896 1716
1464 1464
6 56
1645 1652
1194 1193
1811 1775
849 859
732 735
206 205
460 467
1308 1298
159 163
1658 1645
1853 1799
82 78
1981 1841
1917 1714
491 494
514 534
1166 1152
1109 1103
1193 1192
962 964
1197 1196
591 590
1159 1160
525 531
105 205
1546 1534
1034 1030
1772 1783
1541 1535
638 638
1132 1130
1932 1921
1926 1869
148 209
1071 1063
1514 1505
1693 1655
833 824
617 616
744 746
660 660
1613 1605
252 260
536 528
1333 1332
1559 1557
1507 1495
1689 1647
272 273
359 357
217 217
1811 1812
644 644
696 701
1081 1084
686 693
296 299
705 706
1816 1821
1740 1704
715 716
1961 1962
1309 1301
421 420
1798 1776
1360 1358
1140 1130
514 530
1212 1214
1217 1224
918 917
920 921
254 263
1868 1781
31 61
1375 1378
1129 1126
320 326
1138 1137
1326 1312
1545 1534
964 974
691 692
1560 1571
865 852
839 847
726 719
689 686
722 716
989 982
1808 1796
484 496
947 942
1815 1812
1832 1834
389 400
80 80
1101 1099
193 211
1143 1142
576 576
1482 1459
1492 1500
1266 1268
1659 1643
1816 1776
1071 1063
170 182
760 767
1739 1740
1972 1972
1887 1809
192 185
165 212
18 83
546 546
1276 1277
619 618
1481 1482
1025 1023
843 852
408 407
913 914
143 170
1572 1576
38 37
1520 1507
899 893
1539 1536
1436 1435
1695 1631
785 783
846 851
193 201
647 647
707 704
1777 1673
502 504
1932 1701
22 68
1166 1167
1242 1232
1342 1314
1523 1483
699 714
1019 1025
1538 1541
1530 1527
142 148
215 216
1008 1012
1379 1379
1394 1388
1739 1699
588 589
1502 1495
40 78
530 528
614 615
1078 1072
897 895
902 909
648 648
1731 1724
1799 1623
299 297
1525 1526
301 302
1672 1674
704 713
994 992
1737 1735
187 214
246 247
37 61
199 206
1125 1128
843 846
433 432
381 399
449 453
747 745
1424 1420
933 935
181 188
1337 1338
1414 1406
1653 1650
1268 1256
1780 1593
1525 1526
1977 1885
316 317
131 136
1916 1640
1296 1297
1257 1256
103 97
20 47
112 158
389 403
234 251
281 313
774 772
735 736
1578 1577
1971 1974
354 353
1875 1872
555 554
218 220
740 741
412 426
1163 1144
308 309
1101 1099
1888 1717
1661 1648
1483 1474
1403 1403
1947 1952
1236 1234
234 229
895 901
217 218
1118 1125
923 914
1242 1234
977 979
1257 1258
334 380
836 837
223 229
1410 1413
1710 1709
1234 1235
1234 1235
93 93
929 927
727 727
241 247
972 973
1384 1359
348 381
1806 1807
1274 1275
390 390
1422 1402
1912 1913
1724 1726
18 964
1864 1876
1185 1183
712 712
1422 1411
1010 1005
1797 1795
1106 1092
507 504
829 826
47 47
1916 1792
1954 1955
1671 1657
753 760
1202 1201
1110 1102
897 892
1804 1803
1746 1669
1198 1198
1933 1816
895 895
1963 1931
1490 1477
234 238
1603 1602
866 866
949 950
188 196
1468 1463
1259 1247
1639 1610
1841 1814
1920 1923
1224 1219
1701 1662
669 691
800 803
4 545
133 251
289 296
518 523
455 454
1807 1665
61 66
437 436
1845 1846
448 449
286 262
399 396
1608 1605
1539 1547
1567 1569
310 298
1763 1756
228 227
1130 1122
283 303
1048 1056
474 497
1662 1665
538 540
1760 1764
1049 1050
1364 1353
285 272
1316 1340
1417 1415
220 220
1443 1442
100 99
1849 1850
393 403
745 746
196 194
884 883
493 492
1509 1510
491 498
71 89
755 748
1237 1239
523 532
418 412
1228 1228
1782 1656
340 341
186 185
1345 1277
1583 1592
1064 1065
872 874
1840 1801
10 171
1629 1630
1324 1309
1620 1622
1510 1483
1988 1991
1797 1729
1007 1006
1047 1042
756 745
624 620
922 918
969 964
471 474
155 158
1959 1651
1240 1237
704 722
425 428
1536 1530
1852 1852
633 633
757 763
627 630
1369 1367
28 55
1151 1150
1328 1329
1349 1311
638 638
1808 1762
1132 1129
608 607
1296 1295
387 388
1689 1625
1571 1584
1507 1462
511 518
218 220
846 843
724 723
1963 1958
1258 1260
717 716
347 351
1165 1165
1 87
78 94
1080 1080
608 607
1202 1201
1754 1752
1318 1308
1226 1227
1779 1673
118 164
1304 1292
1129 1123
1775 1681
20 282
1743 1687
974 974
452 448
211 202
190 186
523 533
1357 1350
1723 1719
649 649
1586 1569
185 221
1117 1115
1864 1878
334 342
1741 1718
385 391
752 755
435 436
1467 1472
521 521
1364 1372
1497 1485
163 182
425 430
1216 1224
1744 1723
391 393
1001 1001
922 916
1299 1294
1243 1234
1304 1292
266 267
1217 1223
1690 1661
1015 1015
467 464
748 747
366 381
1072 1074
1952 1763
66 70
1716 1717
1413 1424
1478 1475
401 402
1359 1376
177 198
452 442
1120 1120
1407 1424
1138 1137
755 758
1007 1009
2 1
137 142
468 480
536 527
372 373
500 499
1371 1358
1761 1729
853 861
1698 1703
603 602
1268 1263
846 847
1069 1067
629 630
894 891
985 984
1914 1745
965 966
705 699
1506 1501
1314 1323
976 978
1211 1210
481 480
1357 1356
1325 1292
1938 1902
1622 1621
78 101
895 898
62 72
662 659
1075 1069
1973 1917
127 140
1348 1334
854 866
1086 1088
334 372
657 675
643 645
438 441
1772 1708
1951 1953
934 929
326 320
797 800
309 314
29 97
1845 1802
450 447
1050 1056
1499 1501
582 582
555 551
1901 1758
1953 1882
987 984
146 155
1461 1463
27 50
94 90
809 811
938 938
212 221
1058 1046
1465 1459
1878 1845
610 614
1372 1377
151 168
134 206
99 99
293 314
1564 1590
1480 1478
1248 1261
1134 1131
1923 1645
1865 1730
1065 1066
1565 1569
23 99
1558 1565
298 302
1952 1924
903 911
624 620
134 162
240 260
1449 1445
1860 1858
1164 1161
1547 1543
188 183
1131 1127
469 476
1766 1678
1160 1162
831 823
183 182
214 215
1963 1971
1901 1852
1765 1636
540 533
1123 1124
1837 1704
1614 1614
1307 1282
82 79
248 246
549 549
1723 1722
355 372
599 593
1532 1532
740 739
1099 1100
1468 1471
1602 1602
31 44
1075 1072
844 851
1839 1738
377 381
57 57
1747 1659
1125 1125
1572 1580
675 679
1317 1317
1889 1694
955 935
1465 1460
1282 1276
383 388
315 317
895 900
1684 1639
563 566
1931 1932
720 719
285 290
899 897
1010 1007
1608 1605
60 70
1292 1283
1033 1035
924 924
1120 1120
463 462
893 892
1034 1035
970 969
297 306
1771 1766
881 861
1586 1575
1012 1012
872 863
1428 1422
1426 1425
1658 1647
1470 1473
1878 1876
748 747
1709 1712
1982 1894
366 384
1645 1624
489 499
1910 1913
481 482
834 832
1219 1218
1188 1187
1615 1612
1895 1831
270 272
1029 1028
658 661
547 543
787 779
280 283
1671 1628
1263 1263
1640 1632
1831 1734
502 504
1865 1767
890 860
85 84
1991 1986
349 358
526 534
1009 1015
1755 1757
1985 1950
1203 1202
1216 1210
1444 1459
1424 1415
359 362
1823 1824
787 788
1112 1108
241 247
522 532
1146 1146
1336 1317
1107 1107
1663 1666
67 78
156 169
486 485
1254 1261
766 766
300 312
424 424
21 58
1573 1568
651 649
1630 1634
1573 1579
1529 1525
1759 1759
602 592
496 498
1812 1819
1545 1547
1783 1673
1026 1026
875 869
643 645
1494 1467
1921 1721
1216 1209
800 801
240 260
1411 1404
1567 1575
821 819
845 857
311 311
1351 1351
1198 1197
1722 1721
1272 1271
888 889
532 531
160 156
1454 1456
904 910
1631 1625
2000 1843
514 531
1250 1246
830 830
1445 1452
542 543
1629 1618
598 595
907 905
1939 1846
889 884
1430 1430
1251 1247
361 365
1100 1095
447 442
1746 1735
1371 1363
634 633
1050 1052
1560 1562
609 604
205 200
1622 1623
1736 1705
958 936
180 184
458 449
1505 1483
1575 1572
1380 1380
1217 1224
761 767
892 896
1584 1589
620 620
914 914
288 312
649 649
645 644
1958 1936
621 623
1073 1070
1118 1093
243 244
1426 1443
24 42
1075 1074
1515 1517
610 608
122 145
1976 1955
580 582
241 239
1987 1659
11 716
1334 1325
875 863
1744 1649
721 715
96 101
1736 1698
656 657
1501 1470
1694 1680
1406 1404
758 760
1141 1122
1721 1721
1523 1497
986 990
1714 1715
674 682
32 31
142 150
997 998
1342 1330
1891 1888
64 70
206 206
221 221
1379 1377
776 777
457 446
1186 1196
190 206
1536 1546
1863 1851
1228 1228
442 442
131 129
1252 1261
1496 1493
1184 1193
1289 1290
598 595
1266 1269
926 926
685 683
601 594
1817 1784
413 443
724 725
1836 1727
1351 1352
1761 1758
1906 1826
1312 1336
307 314
825 824
28 41
1457 1457
332 329
1130 1135
1212 1217
1262 1269
118 214
637 638
917 917
82 79
1115 1117
1667 1663
499 501
474 480
754 755
910 909
417 434
1044 1044
928 929
1413 1419
6 252
1670 1656
802 802
739 743
1283 1280
1790 1784
1195 1196
1464 1464
1888 1890
879 875
406 405
1992 1993
537 531
581 580
1613 1602
496 498
341 360
1648 1654
857 861
254 256
819 819
1414 1410
769 769
746 745
1869 1833
1699 1640
1430 1429
963 967
1811 1703
1286 1282
198 201
822 828
521 537
1500 1494
734 739
1480 1475
1972 1970
1582 1583
932 931
1138 1130
1230 1230
757 756
1862 1847
1212 1217
583 583
29 90
494 495
565 559
1179 1174
746 748
732 731
1044 1044
129 127
1771 1727
78 79
1773 1758
238 247
1067 1066
1362 1357
1493 1480
1488 1482
1024 1024
450 445
898 897
1574 1572
1869 1790
1181 1180
238 253
1973 1935
744 743
534 531
1376 1377
1777 1767
1431 1422
664 676
463 486
356 376
504 506
1572 1581
1082 1081
1440 1450
1767 1712
1264 1242
940 947
1690 1621
684 683
986 986
430 433
525 534
186 192
549 549
1696 1665
1132 1134
1180 1180
1145 1148
285 294
1164 1163
1293 1282
1174 1173
563 553
1966 1913
582 587
1004 1006
680 685
1177 1178
1353 1351
412 426
236 234
904 905
1110 1098
1670 1665
1613 1607
1663 1601
1236 1231
1300 1294
692 695
1472 1473
1333 1328
329 388
1240 1231
658 680
384 383
471 485
192 201
954 941
45 45
1923 1924
795 796
572 565
762 768
1225 1223
1268 1264
572 555
353 381
1503 1482
153 203
1289 1287
95 96
511 517
419 417
1964 1901
1555 1578
1081 1081
964 972
407 403
1951 1867
463 499
371 367
604 604
1645 1651
1513 1473
1471 1464
1900 1629
656 664
1280 1275
1156 1155
331 338
1798 1781
564 565
1217 1219
121 120
134 139
1325 1334
457 458
506 500
622 623
1489 1481
727 727
161 165
1259 1248
698 697
1050 1058
141 165
1464 1463
1527 1528
1875 1843
1027 1024
1575 1578
1177 1176
1716 1718
378 385
1206 1196
39 37
685 682
1725 1714
1790 1793
1490 1488
1777 1780
1363 1367
76 78
1257 1256
1168 1161
1559 1565
1244 1243
107 110
504 498
1928 1712
1585 1582
1365 1374
6 151
1496 1483
1134 1129
597 595
1804 1811
1348 1321
1893 1768
60 57
408 409
291 290
1611 1609
151 157
1515 1497
1989 1903
903 901
799 799
560 562
1160 1149
169 196
1396 1396
1274 1276
636 636
1021 1025
227 246
20 19
990 995
1955 1954
1554 1537
868 877
1043 1043
736 736
872 873
1629 1602
100 100
28 29
785 784
1926 1728
1540 1547
284 275
1756 1639
1469 1473
1488 1493
709 712
1295 1293
1716 1714
1936 1948
732 733
1911 1849
1892 1890
1798 1822
999 990
1578 1576
1294 1288
1137 1137
1690 1691
317 317
1338 1325
321 331
1955 1956
1539 1525
559 570
1499 1481
1870 1744
522 517
429 432
788 778
1707 1708
1085 1082
246 258
147 146
485 504
1043 1042
737 746
1842 1732
683 683
1281 1281
213 215
923 920
308 307
710 711
122 139
2 1061
5 66
962 962
1611 1612
216 220
282 265
1294 1298
352 401
1224 1227
913 914
1353 1352
444 445
550 549
944 943
416 416
728 733
1861 1675
1981 1763
732 736
380 387
1890 1872
961 959
1451 1444
1870 1858
561 554
760 763
1681 1675
802 802
1192 1195
1315 1306
1930 1875
1820 1822
771 771
218 219
224 225
941 951
760 760
993 989
1109 1113
1164 1156
145 184
1393 1395
1257 1256
1598 1607
1856 1838
1497 1499
1183 1180
1868 1887
1122 1120
1366 1362
5 15
45 46
305 308
1587 1587
247 244
816 813
633 633
844 848
1954 1930
96 99
1918 1920
954 982
1650 1644
470 506
1199 1196
1287 1285
1680 1678
1528 1527
1662 1663
1505 1482
1327 1322
977 980
1633 1628
420 424
336 339
594 592
1384 1363
45 46
1353 1351
1797 1759
198 204
493 498
1576 1581
1874 1877
908 909
1603 1603
1394 1386
232 226
695 694
812 815
1052 1053
40 65
60 68
69 97
1058 1060
1083 1085
322 312
1865 1843
978 979
450 453
1519 1497
1524 1462
344 343
473 471
1946 1846
1310 1286
1709 1710
1373 1350
982 982
969 971
1611 1609
962 964
727 727
967 981
191 188
1027 1026
176 182
1574 1577
1390 1365
313 316
1706 1682
1264 1265
57 57
578 564
1481 1483
1485 1485
1254 1245
344 392
760 765
733 733
1874 1736
7 406
1988 1962
95 96
1544 1552
1487 1492
1789 1594
1009 1004
1851 1787
222 221
1852 1854
1626 1611
1862 1772
347 356
577 550
1852 1808
643 641
1898 1868
310 306
879 875
722 714
179 183
876 865
247 245
1279 1277
161 165
976 975
639 646
247 243
1092 1095
1172 1172
178 209
1245 1233
751 750
780 777
1983 1964
1451 1461
442 442
1726 1723
788 794
350 355
176 187
270 275
1812 1627
1399 1400
1357 1360
1599 1595
257 254
1544 1540
400 400
9 492
50 52
1251 1252
373 374
217 219
579 580
1955 1957
877 876
935 932
1069 1071
1955 1957
542 545
1194 1193
1774 1719
1602 1601
1737 1687
1946 1890
1458 1464
1915 1882
244 240
1227 1223
1440 1441
1628 1605
1676 1632
1491 1464
715 718
685 685
876 856
946 928
1294 1287
1384 1359
1255 1237
1806 1803
1993 1890
189 184
56 72
421 424
1790 1785
977 975
1543 1588
568 562
993 990
688 694
118 117
257 261
1367 1368
170 173
1263 1262
846 848
275 255
150 157
412 425
666 665
909 907
1497 1492
1086 1085
407 421
1770 1753
1809 1795
1672 1659
1236 1233
1405 1400
191 195
747 748
1674 1668
1060 1052
776 774
1242 1243
107 112
51 52
1634 1626
1415 1419
1290 1290
1658 1654
1970 1721
1047 1054
292 289
1450 1453
450 449
518 526
862 861
15 181
375 376
1998 1656
1113 1093
1076 1071
1014 1011
999 998
1340 1335
260 257
1557 1576
1879 1865
1164 1167
223 253
798 798
1064 1064
1828 1813
977 981
1469 1467
1245 1243
581 583
1956 1818
232 232
804 803
1801 1811
1740 1700
1383 1383
641 645
298 309
321 320
824 825
780 773
406 405
1247 1268
65 75
1148 1145
744 744
1753 1689
1359 1368
1675 1643
1209 1209
1133 1125
423 442
1695 1632
995 994
1989 1954
1448 1440
3 282
902 906
176 185
767 765
700 709
1771 1771
1877 1784
819 818
1565 1569
1247 1261
1415 1412
1453 1456
83 89
205 206
634 637
1167 1165
132 148
354 406
1516 1501
1686 1682
703 712
791 799
1077 1072
36 46
688 685
540 536
1318 1310
1397 1399
55 54
1369 1379
959 965
772 772
1753 1673
1552 1551
435 437
1221 1222
154 165
821 827
918 919
179 178
771 771
1806 1807
952 949
831 830
979 980
26 91
1693 1645
139 191
785 794
350 356
1703 1685
918 917
909 904
105 100
323 324
1082 1082
1163 1164
1661 1659
106 101
465 466
417 405
273 268
1254 1242
1442 1449
126 193
277 278
1067 1067
1528 1529
611 608
1656 1637
13 475
420 428
1658 1638
1648 1650
959 975
666 680
1247 1249
1462 1462
1216 1222
118 195
272 266
1963 1911
1297 1289
306 311
1853 1802
1321 1334
211 217
1155 1143
1023 1021
1703 1678
965 965
796 801
1663 1640
1884 1893
1608 1605
323 339
1186 1193
1077 1071
295 295
1403 1410
1780 1736
1752 1748
1614 1614
933 931
1378 1370
1954 1929
1055 1064
1464 1464
719 718
1312 1330
993 991
1483 1483
49 49
874 867
626 628
1545 1532
471 474
633 633
559 554
584 586
1802 1796
61 68
1550 1556
1612 1604
303 301
1952 1957
276 273
1629 1602
1708 1677
269 272
543 537
27 33
103 228
59 58
1132 1131
1695 1628
1927 1795
812 811
207 208
969 964
1167 1151
1983 1895
1038 1039
1312 1293
644 647
174 175
282 308
1379 1379
1839 1798
1046 1044
728 729
806 805
1138 1130
828 828
870 874
722 716
1821 1684
36 68
1116 1112
1936 1720
641 645
1806 1752
1749 1735
423 423
197 200
1758 1668
1037 1036
1346 1331
898 898
1808 1737
622 614
1762 1711
1782 1636
378 380
1826 1827
1481 1479
1100 1099
1094 1096
1374 1353
418 410
978 979
4 511
1525 1526
1801 1812
1990 1977
32 55
934 928
1319 1313
1036 1036
1016 1015
1038 1036
571 575
1499 1486
147 141
1474 1471
1262 1252
257 261
979 980
1966 1973
685 684
1550 1553
901 901
1538 1542
1250 1244
1512 1499
411 428
1989 1722
1875 1890
1398 1397
200 208
1149 1151
1276 1276
1773 1714
162 163
1838 1635
1029 1029
882 869
1422 1412
1087 1084
1769 1644
1195 1197
453 441
1538 1552
454 445
1208 1210
455 454
1784 1703
417 443
865 866
462 462
42 64
954 946
1770 1687
435 435
1431 1446
570 557
128 164
769 769
400 400
929 928
900 901
1419 1422
171 198
365 361
762 758
785 786
883 868
1977 1754
893 895
495 504
1741 1709
467 467
983 981
226 245
1338 1331
1767 1768
897 901
941 938
1714 1715
1004 1002
834 828
1271 1258
502 502
468 481
630 632
1720 1715
17 14
106 118
1389 1353
940 939
1599 1595
478 502
119 157
1549 1544
1111 1096
217 219
1730 1636
862 863
675 674
673 672
1287 1285
24 85
9 174
916 916
455 455
112 110
326 381
1542 1551
494 495
1320 1315
945 940
771 771
1392 1382
1671 1621
506 506
1942 1833
615 615
533 527
1289 1290
86 85
468 463
961 959
221 220
1556 1538
1774 1777
1137 1136
819 818
989 992
1263 1263
1233 1235
124 161
1605 1606
1396 1400
1520 1525
158 165
1183 1182
153 186
1926 1878
9 173
1527 1525
1307 1304
734 739
1745 1631
1730 1706
972 974
1988 1957
484 486
717 716
401 401
1885 1796
610 612
1309 1280
707 702
1180 1180
467 466
46 45
756 767
1959 1961
466 499
315 316
1146 1146
1122 1120
39 41
1669 1656
600 597
1824 1784
1652 1637
1472 1462
1033 1036
1795 1677
1308 1291
129 142
1863 1879
623 621
968 963
51 51
566 553
1516 1522
1578 1579
1941 1856
861 860
1787 1672
206 206
1094 1097
1973 1956
1417 1417
778 778
596 592
1535 1534
319 322
462 462
1901 1899
1516 1518
1998 1139
402 401
466 465
1964 1937
1774 1739
1949 1729
1723 1723
1248 1234
523 520
1431 1423
1007 1008
563 553
321 317
950 949
1718 1712
153 203
506 498
431 438
1343 1313
388 389
1293 1280
1572 1581
1557 1575
105 231
1996 346
704 698
164 188
980 980
1621 1605
1662 1665
1371 1351
124 191
1699 1658
1867 1883
1708 1699
531 531
1192 1189
911 912
1922 1923
1431 1427
1617 1613
1040 1038
1811 1722
488 497
804 803
700 717
601 596
151 169
36 52
1661 1661
1440 1449
1467 1464
383 387
1744 1704
310 311
391 392
1220 1214
754 747
355 359
890 883
24 64
1988 1839
1258 1255
1480 1474
968 961
1971 1915
783 780
1117 1117
593 593
881 866
1523 1504
557 561
747 747
84 89
724 717
1818 1608
707 707
1434 1438
1937 1926
590 593
584 586
1688 1673
830 824
1911 1696
612 605
1204 1206
122 129
524 519
1689 1690
685 686
170 180
468 474
228 228
1219 1221
369 371
1400 1401
404 403
901 901
1412 1416
1602 1601
944 938
454 451
225 223
1023 1021
331 339
560 551
836 835
1642 1608
649 649
1438 1449
535 527
1637 1632
1366 1362
1630 1631
864 862
499 505
1990 1978
1373 1355
763 770
1947 1857
773 771
227 231
1947 1941
1738 1729
159 162
1945 1877
1537 1554
1225 1224
1396 1396
755 769
1637 1636
1301 1289
91 92
1270 1242
869 857
367 380
1829 1738
981 982
583 586
1248 1235
1642 1628
97 100
1080 1082
1748 1668
1069 1071
1064 1063
992 994
1561 1575
1578 1570
536 528
1384 1367
1496 1468
1548 1560
1846 1801
197 198
1876 1702
1387 1374
403 403
141 139
1547 1541
828 827
50 52
182 185
140 148
250 256
1887 1885
1586 1571
1318 1312
1475 1474
1100 1102
933 935
1246 1261
615 615
1565 1563
1949 1819
170 184
1654 1636
1861 1596
1597 1592
1016 1015
441 440
1316 1310
685 686
1744 1730
972 965
445 443
1305 1302
1529 1525
198 203
1810 1810
631 630
1243 1232
1526 1527
1045 1044
1937 1859
795 797
591 593
248 250
1504 1505
1290 1285
1272 1266
1636 1638
904 901
513 521
835 831
104 173
1714 1713
1394 1366
76 75
830 824
1119 1127
1899 1714
1191 1191
1585 1587
1565 1567
386 386
1065 1065
1404 1417
1621 1608
395 406
1062 1064
1070 1068
301 298
325 371
1200 1201
945 932
126 162
1675 1683
1100 1102
1347 1291
1729 1639
570 562
979 980
1252 1269
1168 1165
1899 1623
369 389
312 312
94 102
1677 1637
1838 1839
1578 1573
1057 1064
647 647
1178 1177
1302 1295
1083 1082
341 328
1914 1712
1526 1526
310 306
900 901
259 258
949 947
1065 1065
155 158
1075 1073
1383 1384
1388 1391
284 265
1324 1324
1329 1332
1337 1334
545 545
1869 1797
1657 1625
458 445
1244 1243
1901 1801
237 231
504 499
404 405
1800 1662
683 682
627 627
1380 1378
1728 1728
1289 1289
1100 1100
666 671
628 630
1997 1950
28 74
1940 1955
1604 1603
70 83
1662 1659
200 197
1699 1702
1355 1376
454 443
1955 1955
1513 1484
1668 1636
297 316
92 96
558 552
1430 1430
1541 1529
1896 1807
71 91
1835 1830
1304 1293
1059 1055
1385 1390
651 655
270 269
439 439
152 147
413 417
1315 1299
519 517
617 619
937 938
284 261
76 76
861 861
1573 1572
1310 1311
1555 1574
1618 1616
743 744
386 388
514 512
224 223
991 984
1626 1625
1724 1719
402 403
1540 1540
196 206
330 372
679 688
1786 1707
1191 1186
817 816
507 507
430 437
1806 1762
1566 1564
1312 1309
861 859
341 356
618 616
1781 1782
1468 1467
4 132
1356 1356
1922 1817
854 862
398 396
52 52
137 169
1343 1319
1517 1507
430 431
890 893
598 599
564 565
1913 1693
567 571
639 646
306 314
561 554
660 666
517 515
1644 1625
244 261
1095 1094
298 306
916 916
813 813
1895 1868
1998 1606
1599 1595
862 859
482 482
116 169
512 513
881 855
1291 1282
1255 1250
764 767
590 592
640 640
443 443
1342 1300
1558 1563
1632 1628
92 88
1832 1831
1786 1620
1030 1029
1461 1458
466 488
1454 1459
950 949
477 475
1095 1096
1906 1907
1602 1603
751 750
849 849
1340 1329
1064 1063
1235 1235
966 966
645 645
138 148
547 534
1823 1788
386 388
1414 1416
1357 1351
237 249
1432 1437
591 591
285 294
21 47
1265 1256
1246 1261
35 34
1177 1175
598 594
45 46
690 691
1501 1487
284 275
1753 1730
1530 1532
16 296
716 708
1133 1133
288 289
305 305
1065 1066
1954 1953
96 96
782 784
769 769
1240 1235
507 507
1239 1235
217 219
1180 1180
199 197
1064 1063
439 439
1675 1656
289 296
1290 1284
1544 1550
804 805
1122 1122
868 874
467 462
1031 1031
1577 1572
1413 1406
7 383
1625 1618
1979 1824
1321 1339
1673 1653
1271 1274
301 299
631 630
507 504
414 409
1762 1717
91 82
1727 1725
1330 1325
74 85
531 530
1287 1287
58 72
369 380
1477 1459
1839 1768
1716 1715
11 646
1454 1444
526 538
345 370
1398 1398
789 800
1696 1686
9 323
1108 1092
497 494
421 421
291 289
19 256
363 361
520 540
874 875
274 269
384 385
1486 1486
1625 1635
116 125
342 383
1423 1400
322 312
955 958
1420 1417
848 849
1980 1824
1915 1831
493 493
1837 1678
234 252
1854 1606
23 69
1551 1557
568 573
838 862
260 263
911 915
75 91
826 827
1272 1261
303 301
1823 1822
1622 1618
623 621
25 35
396 397
509 520
595 595
102 102
504 505
1462 1459
1232 1231
32 102
1694 1650
1179 1176
1646 1636
1636 1639
1327 1325
353 371
1950 1945
871 871
470 495
343 339
1215 1208
12 947
1477 1471
1570 1584
1891 1887
954 976
350 349
58 57
924 924
1235 1235
1427 1443
1238 1243
1332 1310
1352 1350
628 627
747 745
686 683
749 749
797 801
1729 1687
1337 1338
1117 1113
515 519
1237 1237
1157 1156
1124 1123
918 918
6 48
1683 1680
1072 1074
1203 1204
28 33
842 830
268 278
591 593
1990 1959
719 718
654 671
1797 1757
1252 1247
1529 1529
1662 1661
299 314
1722 1721
1616 1615
1830 1725
769 769
5 268
256 251
1577 1587
1396 1402
140 137
290 292
1063 1067
445 442
714 709
1362 1356
851 855
1378 1379
132 129
1323 1301
1841 1821
1948 1672
814 813
666 687
500 499
1974 1865
1273 1252
1715 1712
1416 1414
1465 1464
1386 1371
1783 1665
794 807
372 378
1776 1728
747 747
1166 1148
4 56
652 650
222 229
896 896
879 879
965 967
871 870
1379 1380
507 508
922 922
1376 1362
775 771
1408 1407
1080 1080
1695 1680
1285 1285
360 406
1898 1846
594 596
1884 1787
1061 1062
548 548
915 915
427 427
1517 1506
83 78
928 929
167 171
1613 1612
380 381
714 708
1941 1791
1175 1174
654 650
1789 1792
1006 1015
1098 1097
1391 1367
1435 1420
1085 1087
961 960
781 776
463 503
1875 1880
246 254
1274 1274
1295 1296
327 335
625 625
1695 1696
677 688
236 253
91 77
85 83
576 572
585 585
1997 330
1362 1354
755 763
1885 1887
1352 1350
1527 1527
1818 1619
491 493
1680 1679
1222 1220
1521 1482
1414 1423
1995 1981
1156 1156
1444 1446
1386 1380
1373 1380
1925 1927
1749 1753
883 857
1985 1933
1270 1277
309 310
290 294
1873 1723
969 961
819 818
1510 1502
1477 1475
737 738
126 125
410 412
1371 1362
808 808
1730 1729
219 219
1884 1737
1112 1109
1746 1748
1104 1103
804 805
1278 1279
1052 1055
533 532
1740 1678
1713 1713
692 695
987 983
1378 1377
1921 1913
1866 1764
1373 1370
94 96
1691 1674
683 694
293 306
1643 1636
31 58
1041 1041
1470 1466
1332 1334
1919 1833
1016 1015
1858 1841
484 506
1610 1613
1318 1308
687 692
234 246
1670 1666
652 659
422 420
1980 1799
328 341
753 746
1588 1588
1106 1116
1258 1259
1278 1282
982 981
844 846
475 481
985 982
1393 1401
931 929
1823 1811
852 866
457 446
1394 1365
353 403
1675 1636
1069 1068
1012 1012
1437 1444
1584 1583
551 572
1683 1679
1601 1601
61 63
662 682
1185 1191
1110 1111
1195 1187
714 714
1393 1395
1463 1460
1529 1527
424 426
1597 1593
1423 1424
114 185
424 427
1746 1691
1915 1894
1835 1772
1020 1015
1148 1146
785 789
1095 1093
1196 1198
398 394
24 41
1302 1292
1773 1774
1678 1658
872 876
1388 1394
1195 1191
1764 1748
1477 1464
1450 1450
1760 1711
1859 1860
900 901
1825 1688
1218 1216
254 252
886 881
1651 1624
243 248
156 154
1678 1674
444 451
74 78
864 865
303 300
1753 1660
446 453
1303 1305
1022 1017
1001 1001
1152 1157
1326 1340
130 139
1295 1295
588 590
810 814
1156 1159
891 893
601 602
166 177
704 722
1433 1445
1361 1355
719 718
308 304
1010 1011
108 155
1901 1848
1085 1086
1789 1733
853 857
1636 1620
713 697
466 473
11 100
370 375
1833 1830
736 735
979 979
1194 1193
843 850
1033 1032
114 113
168 168
1424 1418
574 565
1126 1126
456 452
429 433
1083 1086
861 859
220 220
1854 1622
562 570
34 51
10 8
1663 1613
703 704
584 582
774 776
1306 1298
1660 1663
1695 1651
328 381
555 551
250 257
1888 1774
1257 1256
80 80
1237 1238
476 485
1378 1372
1969 1840
1291 1293
1347 1317
1322 1330
794 808
779 773
831 824
154 163
1881 1828
1342 1348
575 561
695 693
1837 1803
122 129
933 932
1735 1739
1106 1115
587 587
1080 1081
1864 1871
1319 1328
1992 1889
502 504
187 182
209 219
1532 1532
824 824
1222 1224
1352 1352
1789 1768
1243 1230
1039 1041
1325 1295
1987 1924
1636 1613
766 763
505 506
625 625
1907 1805
1764 1749
234 243
1600 1605
1151 1142
1134 1123
995 986
1568 1578
1444 1449
1315 1326
1998 1663
204 198
1904 1678
861 861
238 251
504 503
563 575
1037 1036
24 46
1100 1098
701 705
1822 1688
1286 1286
1302 1295
1864 1867
1261 1257
338 389
72 101
983 983
1694 1660
60 57
370 386
210 218
1352 1353
1284 1281
26 58
1064 1065
746 746
671 674
1781 1766
1067 1066
1724 1726
1210 1209
154 154
1618 1607
197 199
860 856
1431 1453
1117 1116
1561 1575
514 517
1223 1208
17 160
1118 1121
1838 1684
1388 1394
985 989
751 754
654 689
514 524
1883 1843
1526 1526
1710 1710
178 184
1721 1720
515 520
1337 1334
1211 1210
504 498
1708 1643
852 860
72 89
1667 1639
1955 1956
960 974
588 589
676 681
1902 1914
353 398
159 162
1545 1551
190 197
882 869
1993 1684
280 291
818 816
511 516
437 437
1190 1189
1393 1392
1085 1088
298 315
603 603
170 173
114 118
572 566
782 778
789 805
189 202
1173 1174
1163 1143
1939 1917
866 862
1191 1193
88 87
1111 1111
1320 1298
81 94
1323 1307
1178 1178
355 373
350 364
1239 1230
953 939
580 580
1990 1959
1332 1315
1627 1641
1697 1698
326 349
263 250
1196 1196
787 801
1827 1657
335 405
1175 1173
69 87
189 198
821 821
1882 1827
1194 1188
37 77
1716 1715
1283 1280
281 278
1511 1509
357 362
688 693
95 96
613 613
1625 1619
815 816
1926 1831
89 95
1974 1870
308 314
730 727
414 406
1500 1495
1337 1334
1735 1709
591 592
132 155
161 161
269 268
1079 1062
898 901
1100 1098
1025 1020
989 988
1281 1280
1594 1596
990 984
1641 1607
7 130
1556 1549
1470 1460
1047 1043
897 896
61 67
552 554
1313 1339
280 268
1692 1687
696 692
451 445
580 582
513 511
676 691
1069 1074
261 260
1074 1072
482 482
1655 1647
265 253
569 570
862 858
1985 1824
1477 1473
971 974
216 220
931 931
1836 1837
90 89
899 898
847 854
1609 1609
887 885
992 989
1420 1420
1408 1404
1743 1606
400 400
192 221
529 528
607 611
1756 1590
933 932
1510 1486
1395 1390
847 852
1708 1709
636 636
517 525
1701 1703
1931 1654
1162 1157
612 604
748 747
1330 1302
700 706
1639 1625
302 308
1703 1679
1969 1912
887 885
1771 1774
1631 1640
1906 1681
1439 1438
1515 1480
715 720
1405 1406
1111 1115
825 825
300 316
373 403
1575 1575
87 82
1039 1039
1555 1550
305 310
652 674
538 539
618 621
1880 1835
1190 1189
1871 1870
1386 1371
936 936
764 767
480 480
592 592
342 328
304 305
441 441
902 901
160 159
629 630
1053 1042
1734 1717
84 91
260 264
745 747
279 251
1297 1300
1606 1600
497 506
880 882
677 687
411 423
1400 1402
777 784
1438 1437
254 253
1250 1251
1811 1766
345 366
489 501
483 479
2000 1604
1714 1711
1379 1379
264 264
751 758
1050 1046
1938 1939
1058 1047
521 537
230 230
1031 1032
431 433
233 243
1732 1739
688 685
1258 1261
1084 1083
713 720
1880 1801
1869 1888
1099 1095
1480 1475
490 492
871 870
272 268
409 427
258 261
1571 1587
1999 1967
545 545
1634 1633
1388 1380
72 89
1097 1094
170 182
1751 1689
407 419
1450 1447
397 393
705 695
1525 1526
1755 1653
100 99
677 682
1371 1367
1444 1447
259 257
1192 1195
1806 1772
61 63
276 257
426 434
1099 1102
159 158
1876 1884
1071 1073
719 718
869 853
1941 1862
1885 1874
1503 1468
1509 1509
237 242
84 99
245 248
9 8
1848 1647
1851 1767
293 295
1443 1437
1541 1553
937 934
118 173
452 456
1499 1492
55 92
1307 1311
1880 1884
1903 1914
142 149
558 569
1066 1062
1410 1404
1152 1142
1587 1577
1986 1980
1870 1872
1546 1580
1829 1798
1328 1292
525 516
592 592
669 679
381 399
14 55
1518 1506
1195 1188
364 383
1742 1719
524 536
1494 1499
1074 1075
1857 1728
1826 1792
843 856
1303 1305
1531 1529
1697 1633
1320 1293
1097 1097
1401 1398
1286 1282
1694 1695
304 305
1188 1188
266 262
1371 1375
1014 1012
42 52
1269 1265
1999 1933
1227 1210
1991 1906
645 644
1469 1469
1740 1724
171 168
814 813
1505 1504
109 160
1533 1525
1068 1062
1742 1713
1882 1750
1559 1562
317 315
146 140
1594 1594
115 115
1650 1648
1943 1764
125 245
369 387
885 872
1156 1156
1001 1001
788 785
827 828
1967 1832
578 559
1649 1623
1561 1573
1754 1682
594 593
1592 1591
896 897
291 287
1674 1661
932 930
1498 1495
364 384
1305 1298
889 900
1209 1209
1485 1488
903 909
1736 1731
654 673
856 854
1969 1971
720 715
1543 1531
749 749
1607 1603
84 88
1600 1600
1047 1043
302 297
1663 1655
1170 1175
745 746
1276 1277
112 184
1234 1234
1174 1174
1965 1853
1925 1916
1112 1115
937 937
1144 1143
1105 1108
164 163
711 715
710 720
1851 1850
1862 1860
528 534
1452 1464
1835 1836
766 768
567 570
932 932
837 829
251 260
1013 1013
719 718
1279 1279
764 764
988 981
672 688
833 835
201 214
126 127
1691 1631
1536 1530
261 262
1528 1528
1248 1253
1725 1722
1781 1765
121 186
1029 1028
380 377
95 95
709 714
630 632
902 901
1665 1667
678 684
939 938
1403 1404
1608 1609
1372 1371
1427 1428
190 186
1605 1606
290 291
802 804
1055 1062
224 230
59 74
1515 1489
1929 1885
839 832
2000 1683
820 822
839 847
272 259
347 361
59 76
233 230
133 128
36 47
1515 1474
938 932
1357 1353
1056 1054
648 647
1305 1311
1726 1721
1927 1869
1745 1661
1766 1713
40 37
870 874
255 258
1020 1018
1826 1760
1465 1463
1976 1908
267 255
1277 1276
67 66
676 674
1677 1667
1475 1474
539 529
1720 1715
132 168
1682 1676
1 7
244 242
79 77
191 188
682 682
39 43
772 783
407 411
1196 1198
1249 1228
1401 1399
296 288
819 819
1087 1082
793 793
1300 1294
73 69
853 853
551 570
519 519
540 535
949 949
1759 1764
1482 1460
367 373
1842 1708
258 259
1152 1161
1982 1787
434 436
1046 1050
1397 1396
1481 1480
1206 1202
221 221
68 100
1706 1697
709 708
868 855
409 418
228 229
892 892
1391 1382
1052 1055
555 554
1018 1019
1319 1307
1051 1048
1283 1282
1871 1778
422 422
1899 1863
1396 1400
1437 1441
906 915
1675 1655
1056 1057
1923 1625
210 215
1584 1584
1060 1054
1195 1190
888 884
1251 1247
564 565
1534 1532
186 187
816 811
1200 1201
939 939
1856 1837
785 794
402 402
128 127
217 217
377 381
104 164
1524 1479
486 486
837 838
179 185
161 169
807 808
1428 1414
724 718
1807 1661
718 718
1785 1781
1306 1295
687 683
1499 1498
1734 1742
1374 1370
284 260
352 351
1585 1592
1429 1415
211 204
1938 1907
523 519
207 210
779 772
1078 1079
814 815
423 429
1577 1588
268 263
805 808
43 100
734 735
127 201
907 915
202 205
718 725
334 363
1508 1513
331 348
1084 1085
1114 1111
158 164
1735 1738
1972 1972
1363 1367
1547 1547
1623 1610
1153 1152
1370 1372
1412 1407
1494 1480
254 260
441 442
1268 1259
565 557
1867 1872
639 639
1173 1174
1615 1612
617 616
1860 1842
442 442
606 613
1287 1283
1220 1227
1014 1013
1422 1406
292 298
1894 1598
1733 1724
1364 1354
1980 1966
836 834
1636 1625
1542 1548
607 607
1555 1568
396 401
41 37
1627 1623
406 406
996 999
215 219
46 46
1455 1452
1199 1202
1829 1833
1736 1741
434 436
737 741
105 106
350 366
1848 1811
1211 1211
1326 1338
1491 1462
981 979
1799 1810
1984 1865
368 373
1274 1274
1488 1493
10 96
1915 1806
1459 1461
1511 1510
1871 1788
1896 1897
1933 1805
1422 1424
1491 1459
1137 1135
504 500
1169 1154
424 426
1550 1552
824 823
1450 1445
761 768
289 287
1537 1535
34 66
547 544
561 558
18 16
1308 1290
741 743
1154 1147
1405 1413
372 402
1059 1057
1594 1593
123 225
1052 1052
677 683
324 314
306 300
1563 1574
1568 1583
1447 1458
692 695
1942 1738
1656 1609
118 190
1507 1460
480 493
351 349
1447 1452
968 967
546 544
482 483
1570 1570
1663 1607
793 803
854 858
724 723
1973 1740
1683 1682
1985 1787
1464 1463
1498 1495
682 682
1964 1843
1444 1453
1536 1535
1192 1190
1829 1738
1112 1116
1593 1591
424 428
1287 1285
502 503
1337 1337
1112 1109
399 396
663 685
46 46
224 232
168 184
1411 1408
637 637
1556 1548
786 780
523 536
716 708
708 707
629 630
1665 1639
1957 1942
1635 1614
1123 1129
593 593
1590 1591
1340 1335
1829 1768
1614 1614
1409 1409
991 989
148 203
1517 1509
1958 1893
1564 1570
1283 1282
1260 1236
976 976
105 242
1670 1646
1514 1523
1055 1051
135 179
47 47
1221 1222
1967 1969
1131 1127
1199 1197
51 50
1575 1572
1984 1738
358 381
1987 1680
580 582
1611 1612
994 994
853 861
92 79
703 724
802 803
786 787
1284 1284
867 881
263 253
465 490
1950 1928
60 57
345 384
1475 1468
1335 1337
1437 1439
1879 1879
1143 1142
837 842
726 724
230 229
143 140
451 451
506 500
1383 1373
1719 1723
1782 1669
1668 1648
857 860
433 435
72 85
1404 1417
1678 1648
1597 1597
25 23
1214 1217
1440 1441
685 684
1894 1779
306 310
436 441
1980 1783
742 743
1304 1300
497 493
402 404
1991 1846
1193 1191
1270 1264
1444 1443
1383 1366
1979 1856
1973 1844
734 731
820 821
594 593
1889 1747
1373 1352
856 857
2000 1847
995 992
1837 1594
1765 1768
949 950
1308 1300
1227 1223
104 115
1260 1266
1914 1706
216 216
820 823
83 80
1387 1400
774 777
1994 1982
573 552
1470 1465
951 948
338 338
220 220
615 615
841 824
1090 1090
1278 1281
1971 1685
820 816
165 180
1547 1545
1513 1486
351 349
246 246
1592 1591
1091 1096
1765 1625
137 167
461 450
1287 1283
1556 1557
320 315
447 444
990 993
1757 1711
608 608
214 215
1093 1091
1932 1688
1131 1129
152 136
732 740
1597 1604
252 259
1264 1266
544 545
1618 1606
655 694
1997 340
1050 1053
1284 1282
1731 1687
1598 1607
439 439
374 373
315 316
1401 1396
505 505
413 419
1653 1625
1915 1826
1348 1351
1435 1400
559 572
44 60
797 800
1711 1709
1907 1912
854 863
1392 1392
630 630
1877 1785
420 425
1159 1159
1216 1224
1550 1544
103 119
571 567
941 938
197 198
559 555
213 216
685 682
1356 1355
365 386
1179 1172
1148 1148
1599 1599
1796 1786
473 490
1295 1294
11 733
39 45
1798 1709
262 263
295 289
1811 1725
1647 1648
1548 1560
1675 1645
1247 1240
394 393
610 608
4 317
1905 1909
1097 1097
1021 1024
1551 1550
1790 1789
433 431
1635 1639
156 198
396 402
9 255
1265 1261
