2000 6778
287 280
200 211
1536 1538
141 164
120 161
521 543
537 537
216 222
862 874
713 707
1518 1489
435 434
627 628
1876 1876
1648 1645
1126 1126
1961 1962
547 540
879 878
873 865
113 160
314 317
1150 1152
1109 1110
1445 1446
1219 1217
357 365
1387 1385
1808 1794
1559 1557
1464 1458
752 762
681 692
141 151
1335 1329
236 244
726 734
1342 1344
1887 1879
1113 1109
120 141
1131 1122
1581 1600
614 612
21 6
1929 1934
1449 1422
838 843
1467 1476
1706 1709
1937 1927
610 609
1835 1791
1501 1494
1971 1958
65 68
795 793
1326 1321
1949 1936
1478 1474
242 231
1614 1594
1229 1226
790 774
1471 1477
959 963
122 137
423 423
1093 1092
556 560
376 373
1392 1393
716 712
184 191
1593 1602
1954 1957
910 921
1033 1021
1484 1489
1155 1154
121 127
216 220
1707 1711
414 413
551 551
513 512
1592 1602
224 230
1796 1793
1871 1871
1629 1630
1379 1366
278 266
1584 1596
815 815
100 154
1341 1322
712 728
203 206
1413 1391
1439 1391
174 177
253 275
161 166
958 956
1842 1759
1152 1152
1141 1148
230 231
886 884
1412 1414
838 837
1472 1472
1223 1216
1854 1855
1472 1473
896 901
1589 1592
1556 1557
462 460
1746 1739
1126 1118
328 373
1849 1853
1693 1692
1166 1162
932 932
1008 1005
1847 1846
1481 1478
1553 1552
30 122
1511 1503
1929 1925
1055 1055
1928 1883
1391 1395
1287 1282
1598 1603
650 664
51 143
448 441
1598 1598
1018 1013
602 592
1014 1015
1175 1175
466 450
1983 1790
972 971
123 121
36 41
1901 1894
1574 1563
1787 1793
733 730
1595 1600
1721 1720
751 764
1998 1687
629 626
47 36
856 869
1341 1335
1881 1886
488 494
1338 1325
1792 1786
1087 1062
1843 1815
1623 1621
1587 1591
1770 1766
1892 1891
1196 1209
688 701
1007 1004
1296 1305
425 423
811 803
1183 1187
300 302
1239 1244
788 790
402 396
779 773
1645 1636
570 570
37 43
585 576
1499 1501
1687 1694
1688 1687
1869 1872
1216 1218
1598 1613
1665 1666
1726 1702
364 372
946 940
1504 1474
1680 1678
1634 1637
1075 1080
543 563
593 594
69 72
127 171
818 821
1832 1835
1926 1924
1942 1904
292 293
1051 1054
1084 1069
1328 1323
1699 1703
1361 1364
1728 1727
759 763
1651 1653
1492 1478
1832 1837
1941 1893
1319 1317
1541 1539
1982 1898
208 239
1674 1621
778 777
1485 1478
1654 1660
595 611
1078 1065
1637 1645
1121 1128
809 805
1853 1859
1812 1820
1263 1265
871 878
986 994
129 146
1201 1200
1724 1725
375 388
199 234
1158 1161
636 637
1255 1272
947 949
945 944
1655 1655
1856 1861
1209 1204
233 232
1672 1644
751 756
202 228
956 943
1917 1909
775 773
44 108
1812 1817
1780 1781
10 8
1966 1940
1265 1266
1374 1372
1559 1558
443 456
1634 1645
1144 1144
1754 1757
425 427
1104 1105
505 519
1163 1163
1361 1363
1336 1339
1322 1322
1041 988
275 261
76 115
108 107
1931 1923
174 177
1098 1099
1169 1153
1459 1460
1483 1485
684 722
341 327
198 234
75 68
1524 1534
1147 1144
1433 1412
1572 1564
1589 1605
1393 1385
1981 1962
1089 1089
95 105
1098 1092
1607 1601
690 711
661 659
559 564
650 651
1912 1914
1671 1623
164 171
1882 1895
1985 1986
180 184
733 737
490 551
538 539
1940 1935
292 295
1819 1794
353 351
24 199
1750 1762
28 96
587 589
816 816
472 473
1678 1621
903 904
215 214
397 384
1935 1897
201 211
73 87
724 725
1502 1502
634 633
1885 1880
1558 1561
280 275
1646 1640
1925 1909
199 202
677 678
1568 1560
651 650
1968 1876
1220 1218
1282 1277
695 730
304 304
1194 1189
1662 1666
896 902
594 592
1062 1061
1696 1699
1964 1963
1888 1895
817 819
1181 1188
714 707
619 607
37 36
962 943
700 699
1122 1119
1833 1791
852 863
756 749
775 774
1969 1948
1866 1862
1736 1740
1512 1503
733 729
98 99
243 246
1896 1893
1589 1604
777 773
1746 1763
1692 1692
330 340
252 270
1808 1805
493 492
1362 1365
1467 1476
356 383
1644 1632
1470 1471
1067 1067
733 729
940 942
1725 1724
1245 1247
1903 1901
1800 1788
935 935
823 825
842 831
950 942
418 422
1798 1793
492 503
463 457
195 218
999 1000
1289 1280
929 935
322 303
1951 1908
715 722
1831 1857
1611 1602
1352 1349
624 629
1062 1067
1916 1917
558 556
685 738
770 770
1732 1734
1297 1298
39 38
1016 999
961 966
693 711
71 122
385 377
1135 1122
203 204
1433 1418
781 782
1455 1444
333 334
963 950
705 698
1820 1779
1910 1914
954 970
628 634
1506 1491
1923 1896
1252 1250
654 651
461 467
1085 1089
1053 1017
234 244
1032 1050
1632 1641
454 459
1446 1443
1748 1758
1440 1390
463 465
143 171
731 737
1660 1657
123 144
1860 1854
462 449
607 607
643 642
1503 1506
612 631
508 512
1887 1880
1923 1926
270 271
1294 1300
552 560
173 174
1496 1496
1579 1580
1302 1303
1715 1715
1090 1091
1380 1378
1600 1603
1399 1391
1318 1319
161 157
1518 1523
1217 1215
295 299
1172 1161
810 781
491 490
1031 1030
1783 1796
1888 1896
1017 1020
1984 1864
718 723
45 166
792 805
201 208
65 64
182 190
268 269
516 519
1422 1404
1572 1567
515 534
1953 1922
1315 1318
1364 1366
40 51
823 825
1466 1462
1706 1705
1064 1064
1437 1436
784 775
432 445
1698 1701
255 251
1462 1461
1022 1015
459 468
1744 1739
333 339
56 55
798 791
705 715
703 722
859 865
688 711
1159 1156
1622 1648
495 536
973 969
687 696
600 633
1917 1907
306 302
1752 1749
1000 992
1189 1195
1383 1380
1837 1851
1150 1155
1248 1248
1402 1401
1545 1543
994 991
1267 1269
1956 1876
707 719
128 162
350 393
816 817
1693 1692
259 264
1972 1979
1618 1619
1533 1537
1255 1266
1906 1916
1983 1717
1486 1488
1158 1158
1567 1571
963 953
294 298
172 178
1929 1926
438 460
133 136
419 419
1223 1226
562 568
131 130
359 353
1176 1184
1906 1908
1774 1775
2000 1262
667 670
1941 1899
1439 1420
80 72
1071 1073
1597 1599
1528 1472
309 306
1510 1482
490 528
360 369
978 986
654 658
1875 1877
226 225
1722 1712
581 577
258 259
247 246
922 921
123 143
83 88
290 285
138 146
1310 1312
1440 1391
748 751
1110 1112
1469 1471
447 448
748 755
167 178
69 72
847 848
659 657
1291 1303
1322 1319
216 229
86 93
1138 1133
819 819
541 537
980 978
1776 1774
229 244
1982 1984
1257 1258
1051 1022
93 92
974 975
217 224
381 385
232 233
651 652
1522 1493
1702 1700
356 359
843 844
111 111
1920 1898
369 370
1617 1619
319 322
1448 1417
914 931
1417 1422
346 351
183 185
1490 1492
1162 1162
1129 1135
96 98
540 563
1560 1562
539 536
401 383
38 34
1744 1728
547 536
1584 1593
1147 1143
950 942
392 381
1393 1384
238 242
1680 1650
67 189
1678 1681
1191 1198
1238 1244
650 664
479 478
1357 1357
556 560
7 33
656 658
89 79
1001 1003
1058 1057
631 631
1819 1821
1457 1457
744 743
1269 1266
72 159
1815 1821
181 189
555 559
1642 1636
815 815
1824 1849
1939 1918
1573 1572
358 374
689 690
930 934
964 944
1716 1709
1806 1762
81 77
438 444
985 988
1779 1779
146 149
1263 1234
1099 1089
931 934
1945 1910
532 532
405 388
627 623
1450 1448
1403 1403
922 920
493 501
1161 1162
1004 1000
1070 1069
605 613
277 264
134 137
1299 1296
1348 1349
1733 1734
1484 1486
151 151
1394 1391
1565 1564
904 903
1036 995
820 820
772 773
1643 1639
1206 1207
1023 1029
216 231
265 262
945 940
1534 1537
1092 1095
158 156
1745 1754
1698 1700
507 512
652 654
1073 1063
172 177
598 596
791 809
1742 1712
1614 1593
893 884
491 560
1717 1702
461 469
1007 990
1186 1196
1836 1806
217 214
121 170
175 185
253 270
708 708
1388 1388
868 878
781 782
998 993
630 627
812 783
1453 1419
1793 1781
1203 1203
44 102
921 926
644 644
581 583
1725 1725
1178 1191
113 180
1331 1329
306 299
1976 1838
503 497
1599 1595
928 930
1710 1712
407 411
1224 1228
1452 1458
1382 1384
1874 1873
1523 1542
1714 1706
202 246
981 999
43 68
1726 1724
379 383
267 271
512 570
944 941
1620 1619
257 264
583 579
993 997
1315 1313
1470 1474
696 732
1522 1534
506 548
471 470
373 369
781 773
447 449
814 813
601 591
34 100
948 944
1188 1185
58 56
290 302
741 747
1522 1532
733 738
266 278
843 842
1721 1720
1718 1722
1861 1856
625 629
450 445
232 235
659 662
796 791
285 277
1276 1282
779 781
722 729
1131 1129
169 169
1339 1338
1865 1853
878 876
1979 1984
1237 1235
714 737
745 735
1977 1890
197 195
514 547
1789 1794
1907 1915
490 501
412 373
145 149
345 345
1722 1721
837 835
124 153
1762 1745
187 183
735 736
508 551
648 664
923 922
1970 1973
1466 1464
350 392
1526 1527
505 493
1389 1392
1476 1475
1644 1640
1004 1004
1475 1474
1410 1411
1231 1224
380 389
1382 1384
532 556
142 141
722 715
608 606
1156 1149
1429 1421
1822 1763
1810 1820
1946 1940
461 456
1276 1272
1438 1438
884 884
505 514
244 245
505 512
1867 1851
1430 1429
1236 1235
1587 1595
512 556
783 782
797 794
1405 1404
1630 1628
493 501
998 996
1721 1720
498 571
1802 1700
1173 1174
928 929
312 299
1385 1384
1406 1397
1521 1492
889 888
1214 1216
466 456
1451 1448
372 379
858 867
1857 1854
1866 1866
1430 1427
251 273
1101 1098
1974 1984
920 920
203 202
1021 1021
984 988
1756 1760
1359 1365
508 507
1132 1131
446 443
1339 1344
1199 1192
80 81
528 535
242 232
1198 1193
1932 1913
912 921
174 177
1015 1021
1189 1203
11 137
1762 1754
1281 1267
1881 1879
1543 1545
1127 1128
1625 1619
1516 1511
693 698
1507 1486
1665 1665
1256 1262
961 957
663 673
692 692
804 780
1451 1461
1405 1408
836 835
1406 1391
1725 1724
1775 1766
327 325
1936 1937
1280 1271
1745 1727
1907 1876
931 930
1815 1778
1512 1496
510 527
13 187
517 521
17 6
504 559
1293 1296
1476 1472
553 557
1448 1431
1259 1264
1987 1832
373 392
806 811
52 52
675 677
502 520
894 889
1321 1322
550 541
1675 1677
1687 1691
1923 1913
1028 1053
516 522
359 388
441 439
1539 1538
1266 1270
375 379
1704 1703
1122 1121
813 813
1156 1149
183 182
1595 1594
735 736
1007 990
1750 1706
410 402
1270 1279
1303 1306
386 380
664 666
1365 1362
664 661
1739 1733
1467 1468
1463 1460
1602 1604
333 327
1488 1500
1858 1856
1570 1561
1893 1886
1239 1237
94 126
102 114
1945 1939
721 711
1492 1485
75 118
1393 1390
988 1001
327 366
1382 1380
1955 1914
1560 1560
231 240
1467 1476
1300 1302
150 151
1307 1308
38 110
1691 1687
972 971
1952 1946
703 717
1248 1249
1066 1064
797 796
414 422
1660 1658
367 364
201 200
922 920
32 166
1334 1337
1049 1052
1761 1741
1435 1390
1392 1387
1748 1734
1452 1444
274 266
426 425
340 361
1975 1909
1307 1310
911 904
994 994
1078 1079
1390 1389
1124 1128
1401 1397
1397 1398
488 529
1809 1781
1847 1852
280 270
725 734
1471 1465
1168 1158
444 446
802 798
1312 1312
753 758
1524 1512
1804 1805
776 779
1197 1185
1862 1862
463 465
1122 1125
116 166
1922 1912
55 176
1925 1922
1359 1364
653 652
1108 1110
1419 1409
111 121
829 833
1634 1644
1498 1483
1516 1509
938 939
94 123
569 570
709 710
1514 1506
311 302
1845 1780
1477 1473
683 737
1771 1720
1881 1897
1973 1981
442 439
1414 1406
1900 1900
871 869
383 380
678 674
1922 1926
1340 1321
485 483
325 381
293 291
168 180
1930 1900
1183 1184
1928 1923
777 779
1291 1284
289 288
1049 1052
181 184
41 49
138 136
846 848
345 349
332 336
19 11
499 510
699 711
1295 1292
1716 1711
849 848
1120 1119
747 747
276 265
1891 1892
833 834
1232 1232
155 169
1469 1457
817 815
68 155
840 837
1796 1791
1068 1064
1110 1112
1126 1127
633 634
8 63
1368 1366
851 844
1523 1536
232 234
558 560
1284 1280
454 450
1515 1491
1398 1399
1718 1719
549 563
60 125
1771 1700
1198 1188
937 938
1990 1174
8 6
1923 1885
440 439
903 905
1230 1229
783 779
502 506
1762 1766
1067 1066
240 231
252 257
159 154
1345 1346
1290 1265
712 714
1266 1272
1241 1241
230 227
1918 1919
1472 1473
1959 1885
606 608
571 570
1144 1143
1911 1913
1962 1963
1564 1562
1197 1194
40 147
1104 1106
462 466
117 125
265 271
1516 1516
436 450
1166 1162
1970 1956
1808 1746
272 275
674 673
332 355
1196 1201
1790 1789
531 570
1546 1541
1104 1102
1874 1870
1193 1185
489 485
371 377
1277 1279
1808 1767
778 773
264 274
1791 1780
960 964
1326 1327
1068 1064
1984 1792
376 378
907 903
1420 1397
1931 1934
321 315
1077 1069
79 139
1413 1395
1967 1970
1890 1893
761 748
707 733
1948 1928
617 622
1623 1621
1757 1727
97 136
927 933
1854 1853
1061 1060
542 558
327 363
46 65
1097 1097
520 516
314 301
1827 1810
683 705
1143 1144
1574 1576
905 905
716 723
1540 1543
1995 1593
165 165
1063 1060
1484 1487
267 260
1925 1921
408 411
794 798
1224 1218
1919 1883
523 560
1128 1125
1178 1188
316 317
753 752
702 713
1248 1245
390 376
1958 1933
1826 1735
1278 1276
411 412
1069 1067
1677 1651
295 297
1271 1270
529 536
3 104
1376 1360
1033 1008
1471 1476
874 874
1822 1800
254 268
217 216
241 235
1310 1298
1967 1711
451 445
1599 1598
1863 1851
1152 1150
872 863
547 560
1612 1612
1433 1425
1893 1900
1111 1113
1792 1786
43 36
146 149
1219 1218
627 631
1244 1239
718 707
411 401
524 523
1033 1037
983 990
1065 1065
1974 1872
1282 1277
1522 1524
1855 1855
1149 1149
1174 1174
795 795
968 976
300 298
733 735
1343 1333
285 261
915 921
342 334
1339 1327
1373 1367
1039 1052
1477 1474
1609 1611
1849 1852
1125 1127
11 6
705 723
176 181
1368 1366
640 639
602 597
132 132
1847 1841
202 213
261 263
1534 1542
643 642
73 188
1688 1692
377 381
505 528
1461 1463
1497 1496
922 922
1328 1325
1309 1308
1797 1778
731 732
1196 1189
1256 1255
23 30
1133 1130
1626 1627
800 772
556 557
1817 1821
806 812
1715 1716
940 939
1863 1866
329 326
1744 1741
1631 1639
933 933
771 775
499 499
1193 1192
1028 1040
1371 1361
1167 1165
1823 1757
1172 1173
736 736
279 269
398 387
344 354
1071 1068
953 947
465 466
1175 1174
634 635
194 197
28 24
1642 1633
708 707
438 431
1682 1665
62 119
1609 1611
1203 1206
638 635
84 107
17 35
1175 1176
817 818
939 939
656 645
1426 1387
1376 1371
845 844
918 934
1109 1110
1561 1561
1579 1579
327 345
506 524
1170 1171
335 355
1117 1123
892 887
110 109
1510 1516
399 384
1474 1475
819 819
868 866
759 755
1567 1563
210 214
1447 1450
332 333
1084 1087
1998 1804
1001 997
722 723
1649 1624
1332 1326
506 548
1512 1502
699 696
961 937
1673 1643
1794 1791
1053 1037
359 359
1429 1435
1943 1888
537 536
1485 1477
687 689
1020 1018
416 419
1901 1896
1538 1545
663 672
1632 1638
935 935
380 374
1581 1584
636 641
348 385
1701 1702
566 567
1334 1342
978 989
867 869
617 625
547 551
508 532
861 873
1731 1732
1850 1849
486 483
1642 1644
1942 1945
409 374
639 645
591 591
1780 1783
1882 1880
241 246
573 570
620 607
1653 1655
1261 1278
1896 1893
713 726
950 937
31 185
1755 1712
185 185
1321 1319
702 697
1236 1236
68 106
1134 1137
114 146
256 276
235 233
299 298
1408 1387
805 769
219 241
1838 1839
483 484
271 266
1204 1199
583 583
1655 1655
196 203
729 731
1235 1235
1785 1738
535 548
484 485
1287 1299
301 303
1123 1126
1323 1323
1158 1155
1989 1803
1626 1627
112 138
667 663
893 884
244 246
589 588
1015 988
1136 1138
480 477
233 245
856 867
944 942
1996 1685
1784 1771
207 220
952 950
606 608
1775 1772
1138 1130
700 700
122 148
110 125
1483 1477
14 206
566 571
104 103
1502 1477
132 139
1589 1583
869 874
678 677
1487 1492
1091 1089
108 125
1748 1763
183 182
1091 1095
1720 1719
1719 1718
818 821
786 781
1267 1266
1089 1089
46 39
1159 1155
881 883
572 586
931 930
669 658
1668 1668
1433 1412
41 65
1179 1188
1401 1401
314 321
1615 1614
443 443
1573 1571
578 593
735 736
463 467
1149 1151
431 423
1355 1356
622 626
798 785
773 775
1256 1257
1004 1005
586 574
1259 1251
360 392
1095 1096
61 65
219 228
1619 1618
77 109
61 84
1308 1306
638 640
149 148
1591 1588
1330 1323
637 639
964 971
106 109
164 167
1618 1618
99 112
521 524
128 179
1374 1375
1649 1636
35 85
1782 1728
379 381
816 821
1026 1025
809 809
1831 1832
1206 1208
1271 1270
453 439
691 723
216 212
1344 1337
370 388
98 110
1926 1927
641 641
1018 1005
1163 1156
889 884
1192 1194
1730 1707
458 441
787 784
1902 1876
373 374
1126 1128
1112 1109
281 283
643 644
1638 1625
1303 1302
500 531
1258 1276
298 298
1528 1540
1731 1729
1060 1058
574 586
46 47
1735 1733
548 554
1989 1349
1551 1551
815 815
1321 1321
1900 1900
1240 1245
325 333
234 242
865 865
198 198
1757 1741
1592 1596
633 633
1777 1754
1703 1700
516 522
300 299
892 890
1669 1666
1904 1902
1247 1239
900 899
941 944
736 731
760 754
1744 1748
762 751
1898 1896
205 209
864 866
1832 1838
1220 1218
1519 1536
514 520
1180 1208
657 648
585 591
95 94
1813 1817
1245 1247
918 916
801 803
1683 1656
1520 1521
340 339
798 802
1219 1227
1606 1602
268 265
1949 1934
341 333
1319 1316
115 114
1905 1883
442 444
1508 1516
507 512
1751 1745
1037 1052
338 329
251 265
1773 1769
1023 994
1899 1895
1443 1421
644 644
612 632
353 357
409 425
629 634
1270 1276
1673 1677
1385 1387
688 700
102 107
450 448
366 371
793 792
440 467
157 156
1498 1501
756 748
296 295
683 701
1701 1702
348 345
1441 1407
573 581
968 957
1376 1358
1689 1692
575 574
1584 1612
218 226
1559 1557
960 960
950 941
1441 1422
184 191
1563 1561
1318 1313
1220 1218
531 529
436 452
1078 1071
628 623
32 31
1889 1891
1326 1325
1211 1213
1808 1724
1433 1418
1914 1911
1032 1031
17 49
1911 1900
813 813
1033 1001
822 823
152 150
1385 1388
1171 1173
455 468
687 684
562 566
1726 1726
978 991
368 370
1142 1151
555 554
701 738
1477 1473
352 359
1834 1767
442 440
680 704
1721 1715
415 414
1461 1463
1925 1924
1106 1104
1834 1773
1237 1237
1608 1608
1289 1276
1885 1881
996 999
1378 1364
45 89
624 628
1601 1611
1969 1982
1789 1730
1402 1395
1684 1671
1945 1913
1323 1323
819 819
1371 1358
1139 1153
537 543
280 279
728 727
203 209
625 628
490 518
1160 1153
1189 1191
1882 1887
1466 1466
1407 1413
670 670
1310 1300
934 931
1743 1737
1783 1702
396 372
170 168
1355 1354
340 381
1474 1473
476 473
1701 1702
1958 1923
1164 1146
911 930
1050 1024
1921 1924
1758 1723
1302 1303
1915 1907
1836 1847
81 87
1428 1421
1883 1884
1957 1886
1833 1778
184 188
446 442
78 84
219 218
1620 1622
599 604
427 425
1889 1887
1060 1058
1006 1001
1061 1059
507 510
1834 1840
1601 1599
302 302
1372 1365
395 386
408 411
1180 1208
339 334
611 610
757 756
730 733
638 640
1493 1499
1161 1165
1629 1630
185 189
1453 1456
874 873
1001 988
978 976
1983 1984
946 944
1896 1887
53 80
1540 1543
723 726
1666 1666
758 756
780 773
145 154
1606 1604
246 245
1681 1630
1869 1872
1263 1243
1746 1748
1420 1384
1638 1631
438 457
1062 1063
926 927
468 447
1648 1645
1962 1962
370 389
1207 1184
525 519
796 799
821 822
844 847
1708 1711
1632 1642
1198 1201
1183 1208
1950 1922
555 559
850 846
1137 1134
1212 1187
228 237
1354 1355
1993 1099
20 11
67 114
1904 1902
1596 1596
664 666
1576 1579
1647 1628
156 178
952 974
1527 1479
742 764
436 444
861 859
558 556
1918 1918
429 467
1102 1109
1651 1650
1095 1089
1431 1434
1320 1322
520 550
1306 1301
850 848
1003 997
764 756
1610 1604
850 861
472 476
1905 1880
549 571
1082 1085
147 152
1617 1618
1131 1120
1817 1784
1132 1135
563 564
1689 1692
880 884
193 193
1425 1426
781 777
1373 1363
453 456
598 627
1085 1085
1284 1285
705 705
293 294
906 906
1628 1621
581 577
1311 1311
1333 1329
1761 1742
593 594
1608 1602
640 641
1546 1544
353 368
495 492
212 220
846 847
1434 1436
1280 1282
1200 1198
501 519
447 448
1043 994
1768 1770
1390 1388
822 821
1822 1826
258 255
1321 1319
1487 1485
564 571
1521 1530
1108 1108
212 219
982 987
96 114
995 998
646 666
1556 1555
82 82
288 287
1917 1895
588 584
772 770
1411 1405
901 897
346 348
66 64
142 156
566 569
652 668
487 529
1626 1627
1847 1830
596 590
1432 1438
1827 1795
1622 1631
1580 1577
1847 1834
1386 1385
1762 1748
1298 1300
19 166
1996 1910
244 246
467 464
1214 1213
1895 1897
1283 1273
1012 997
561 567
735 733
966 942
294 298
666 653
1090 1091
1853 1850
828 835
1667 1660
1658 1660
541 561
256 259
1698 1702
878 880
995 993
1379 1368
1513 1514
281 282
1294 1303
338 324
1450 1450
593 594
1615 1610
1664 1657
1527 1538
382 393
1002 1003
287 263
233 231
724 708
1024 1016
206 233
1833 1838
787 772
128 185
1511 1509
1784 1745
1742 1750
1511 1496
1885 1881
1336 1317
1132 1130
1025 1015
1785 1727
133 156
1308 1311
1346 1352
1248 1249
1397 1398
1458 1462
641 640
1383 1379
1520 1496
1022 1015
257 254
1284 1271
1793 1718
575 589
676 675
167 178
576 592
1688 1687
1565 1565
972 973
1342 1339
374 370
496 492
501 499
305 299
129 127
1630 1636
1093 1091
1025 1035
283 287
312 315
186 182
571 569
1065 1067
1622 1620
1313 1323
1330 1320
171 181
178 187
466 444
945 942
1727 1733
1596 1593
1059 1059
1157 1151
997 988
1570 1572
122 148
1781 1743
1945 1944
1809 1796
1308 1308
1070 1069
864 868
37 43
1828 1740
590 592
1762 1719
1749 1748
62 61
1895 1886
1158 1158
1358 1359
329 330
1128 1121
656 647
909 904
1179 1180
347 354
1600 1596
1550 1548
1722 1706
1039 1038
240 242
1212 1187
951 948
420 424
534 556
649 668
1913 1906
1120 1120
169 172
1736 1729
19 188
1641 1628
1605 1612
125 134
858 860
965 968
594 592
959 940
1668 1664
1468 1467
1613 1598
1266 1273
101 132
660 663
202 199
386 391
1290 1289
1278 1274
946 946
39 68
503 505
580 581
112 109
1574 1563
858 865
1837 1772
473 473
474 482
874 873
755 753
106 125
1442 1443
1306 1298
158 182
789 784
1894 1892
1070 1060
1010 1007
641 640
1977 1983
889 884
270 277
972 976
736 734
1058 1058
380 369
1692 1692
70 107
301 302
1067 1069
21 102
1454 1443
453 440
1232 1234
1761 1764
401 427
744 733
225 226
1583 1608
183 182
1111 1113
88 89
1616 1615
1686 1670
1267 1265
602 613
432 430
796 791
15 23
415 414
319 299
109 115
1923 1897
1176 1173
1097 1096
273 267
1910 1891
1430 1432
618 613
478 485
735 733
887 885
374 388
341 362
1788 1782
676 674
436 436
1082 1067
1238 1240
102 132
1965 1891
497 492
1194 1188
35 62
456 448
1472 1473
1872 1873
274 275
1731 1731
1832 1831
924 925
451 446
467 467
685 712
667 648
308 316
380 390
461 466
1870 1870
647 645
239 238
1316 1315
886 886
1373 1375
927 920
1689 1690
613 607
1273 1276
255 271
600 598
549 542
1809 1719
1530 1531
1807 1812
100 104
1031 1054
432 442
997 998
533 531
1989 1986
1210 1207
294 302
281 276
152 152
816 818
1066 1066
869 867
937 937
247 245
462 459
510 508
57 65
703 737
360 371
1959 1961
906 904
1765 1730
1446 1447
1345 1343
1647 1648
37 40
79 72
1362 1362
669 656
1065 1060
216 214
962 960
1853 1859
1010 1007
586 592
539 560
383 387
1596 1598
683 700
1480 1473
516 521
736 735
1924 1926
438 452
1711 1707
1536 1546
1922 1913
237 232
1669 1665
7 22
749 764
1200 1200
1497 1501
337 338
936 936
1138 1134
1395 1386
1553 1553
196 195
493 496
1389 1393
1054 1054
486 486
882 883
62 65
1306 1298
759 749
2000 1695
1256 1268
1295 1306
685 715
476 482
1604 1593
1933 1888
837 845
1178 1191
616 610
235 232
1982 1824
1044 1032
706 700
1466 1466
898 884
842 834
1055 1055
240 240
1018 1011
1913 1916
1095 1091
451 451
1114 1104
40 180
1925 1921
1329 1323
1483 1485
1491 1499
1345 1338
852 867
1493 1496
1433 1425
1201 1205
1408 1388
865 864
944 940
1616 1615
915 909
1732 1734
1049 1038
1393 1384
1735 1707
1575 1576
1980 1981
610 621
159 170
501 543
1445 1442
795 798
920 920
367 386
529 550
1963 1915
1708 1712
755 750
161 162
84 92
590 592
461 455
789 790
891 891
1263 1255
1012 1013
83 101
60 125
1240 1245
61 84
1713 1715
771 768
311 314
217 219
1939 1935
1994 1997
1363 1360
236 239
52 59
1458 1458
1859 1854
866 868
1904 1899
922 920
1212 1203
1469 1463
1369 1369
426 424
964 967
1406 1412
1939 1902
1704 1710
444 446
29 182
1462 1461
1059 1057
1378 1364
1116 1125
1928 1930
253 258
675 675
678 674
1735 1741
441 469
1461 1462
677 673
457 450
13 150
615 621
1509 1480
1482 1476
1329 1330
362 368
344 356
1864 1855
1014 991
108 169
1543 1543
601 621
137 154
78 96
1487 1495
1319 1314
203 220
226 228
695 692
1725 1726
94 93
1909 1891
439 440
982 987
518 514
120 138
1596 1593
1222 1220
9 116
465 453
1582 1605
742 735
544 544
457 443
532 531
109 125
1641 1631
1889 1891
1405 1399
281 290
953 969
1291 1289
7 42
927 933
302 304
1811 1815
1096 1098
580 579
1880 1879
1343 1338
383 386
490 546
1439 1436
595 592
1369 1370
585 584
1369 1371
908 913
862 883
1964 1922
1694 1694
1122 1124
211 242
1911 1900
1101 1091
1079 1080
799 797
470 470
1447 1450
1090 1094
1991 1998
450 449
1337 1331
1027 1033
1847 1843
1076 1071
210 209
1140 1139
36 37
202 203
1419 1413
1991 792
928 931
359 375
247 247
787 785
604 609
511 508
1329 1330
749 748
1244 1250
1690 1693
1968 1974
371 373
829 834
1046 1012
1358 1358
124 157
1744 1738
132 144
1936 1925
685 683
1654 1656
1809 1746
551 546
784 787
1846 1790
1379 1362
967 966
1675 1675
334 328
996 1002
1970 1956
516 522
282 281
134 136
1212 1212
1168 1163
1139 1140
1027 1026
1872 1873
1154 1152
921 926
504 492
1818 1819
1321 1320
1291 1295
1681 1680
938 938
141 140
143 168
138 158
266 263
522 522
1101 1091
511 516
1363 1357
1705 1707
662 651
1839 1859
1885 1889
44 38
1493 1489
1926 1929
1098 1090
1992 1681
922 928
790 770
1118 1121
78 76
78 87
747 752
1268 1276
1955 1956
1929 1932
136 152
112 120
412 413
1553 1552
1769 1715
963 974
505 516
992 1003
1596 1598
970 970
903 905
78 115
1882 1894
624 622
1306 1300
1153 1156
84 98
1298 1295
668 674
1895 1891
717 723
1754 1766
1281 1270
455 450
880 881
213 247
1040 1037
105 103
1506 1507
1535 1544
241 246
1247 1249
1226 1220
1901 1896
1213 1216
1427 1423
1485 1493
1507 1472
1266 1272
272 278
390 388
268 271
1897 1901
1817 1807
371 377
679 694
699 701
1353 1354
1987 1945
486 484
1000 994
1221 1213
1315 1314
470 470
1141 1141
208 207
1208 1206
427 428
1081 1065
1575 1567
13 81
1325 1329
399 409
1023 1033
1171 1163
699 721
1177 1189
269 280
552 553
237 246
957 942
1592 1584
1171 1166
1850 1849
662 651
1968 1857
1251 1244
1418 1421
1526 1513
1577 1578
1054 1054
1772 1761
35 94
1086 1086
1902 1880
514 558
743 732
1108 1109
433 440
1084 1079
1250 1244
1338 1331
1981 1984
1609 1606
997 993
265 265
1185 1190
857 876
1019 1016
1351 1349
1647 1637
980 991
901 905
1962 1896
1279 1277
1162 1157
1441 1442
189 187
1479 1478
1652 1658
1968 1961
1175 1176
91 177
1925 1929
798 790
613 615
1562 1562
126 171
10 233
1421 1410
922 924
1663 1660
470 470
77 76
1902 1897
176 181
891 888
1394 1395
604 622
160 156
1826 1739
1717 1721
1837 1838
1070 1062
1252 1245
265 266
1135 1125
1133 1130
1039 1046
662 669
786 781
110 109
1617 1618
835 831
1850 1850
296 294
1238 1242
1777 1765
1736 1740
1130 1128
1475 1476
1814 1803
438 431
354 351
682 689
1941 1944
467 467
694 707
1360 1358
1819 1782
1944 1942
612 609
1773 1770
4 128
406 402
1941 1934
494 519
1561 1561
1264 1279
1636 1638
914 913
1020 1015
721 738
1979 1951
18 17
23 122
1103 1114
1754 1721
1949 1938
1034 1027
1129 1133
388 378
276 272
160 167
581 581
74 73
1923 1905
1307 1310
437 430
1263 1265
1888 1881
1238 1240
88 122
1016 1008
308 317
825 824
987 990
419 419
360 383
988 987
1647 1625
100 98
837 842
1040 1042
168 166
178 178
263 266
433 451
437 437
461 455
120 140
1498 1494
1741 1725
196 209
1402 1407
627 633
1095 1091
300 299
1212 1200
1050 1042
377 392
872 868
343 373
499 535
918 931
1621 1627
1000 998
135 146
1881 1880
421 425
5 40
118 128
1338 1322
974 976
1076 1085
1141 1140
1191 1190
102 130
1441 1404
1522 1534
272 264
1178 1175
1255 1239
910 911
607 609
1140 1161
1170 1170
157 161
479 484
915 912
1411 1404
1162 1163
1529 1529
798 791
1693 1692
1614 1612
1562 1562
392 374
397 428
1695 1690
787 790
1685 1679
159 159
1460 1460
1513 1486
942 939
78 97
1212 1210
213 212
648 663
871 870
387 391
670 674
1302 1292
963 950
105 164
1961 1946
723 719
607 607
1592 1612
25 24
1139 1156
1100 1101
1906 1891
1404 1404
574 584
1511 1509
331 325
1320 1314
596 629
870 870
1586 1586
620 606
616 619
654 648
856 866
341 363
1508 1497
1830 1831
1852 1851
1137 1121
1700 1700
807 805
1208 1188
1505 1506
587 576
1470 1474
826 827
519 517
1084 1069
279 263
340 346
956 954
1194 1198
855 862
1032 1053
658 650
145 144
1376 1370
181 187
1861 1862
1014 1004
555 556
1331 1328
1545 1541
1203 1206
1824 1795
1541 1542
133 160
1288 1299
1248 1245
1170 1171
1279 1269
878 880
226 227
560 558
696 705
1316 1315
432 445
185 187
691 690
648 662
1582 1591
692 694
360 352
568 568
980 982
990 987
1206 1204
1035 1047
998 994
1145 1147
1915 1916
1882 1882
1851 1852
1106 1103
404 406
874 883
1286 1274
1924 1935
578 585
1081 1065
153 153
1975 1748
1790 1789
953 959
1651 1651
409 399
1362 1362
848 846
1053 1024
830 829
375 382
915 920
1036 993
1224 1224
1153 1151
188 189
762 765
830 834
1286 1295
681 703
1142 1141
418 420
528 539
916 914
688 686
1635 1637
1681 1682
215 214
153 153
924 929
1886 1894
1110 1108
424 424
111 122
1106 1112
610 622
42 107
579 578
588 589
1 461
1710 1705
57 169
1642 1640
1979 1830
1990 1810
1677 1678
629 627
1829 1830
1807 1800
1483 1483
221 241
850 857
1004 1005
705 718
970 972
770 771
1123 1126
1075 1072
1199 1202
1243 1240
1728 1701
1394 1390
1857 1858
13 39
1859 1860
1992 1541
1358 1360
1399 1396
910 919
1044 1018
1267 1269
365 377
1977 1831
579 583
1454 1461
109 103
1799 1787
1596 1593
1870 1869
1489 1486
715 729
194 211
1157 1162
257 251
1877 1877
1289 1281
354 351
819 819
720 717
945 940
558 556
1260 1270
1868 1870
803 771
54 91
1784 1795
1396 1390
757 758
888 883
252 250
1607 1606
1181 1177
955 972
1374 1368
1249 1241
1591 1610
1304 1302
988 1003
743 751
1648 1645
680 677
1767 1753
1004 1003
286 291
1940 1901
1163 1156
1638 1641
1572 1561
1 1845
359 387
1067 1068
1774 1757
762 752
1598 1595
25 121
728 734
857 870
1546 1540
899 897
429 424
1061 1060
878 876
1770 1766
855 885
1543 1545
105 154
650 649
1412 1405
1149 1162
450 449
191 184
329 378
1346 1337
969 972
969 969
809 788
167 179
547 546
1725 1725
54 114
551 561
1486 1477
675 673
359 382
1432 1419
42 182
1718 1721
1059 1060
1665 1663
816 815
811 810
134 137
432 443
856 856
926 929
1892 1891
1381 1362
1227 1227
717 719
649 645
752 761
591 592
22 6
1377 1377
1496 1494
123 170
1695 1696
1417 1398
1322 1321
82 87
1439 1398
1242 1245
1578 1578
394 407
1048 1042
324 332
209 210
1963 1869
1764 1763
104 117
1935 1909
220 233
928 930
382 387
1224 1225
480 478
449 460
756 762
217 222
195 221
923 922
1420 1421
565 567
1729 1728
1257 1244
1308 1311
474 479
1668 1666
394 380
411 424
177 175
1872 1871
1141 1143
1869 1869
623 624
1879 1878
822 824
1928 1920
844 847
1421 1424
1764 1762
518 528
320 304
473 472
458 470
1316 1315
1884 1884
676 673
50 54
1725 1726
1504 1474
1975 1715
1844 1719
335 325
1910 1883
614 610
364 373
1669 1661
580 579
352 380
1620 1619
1185 1184
1190 1184
688 707
285 264
140 144
988 995
1198 1194
1144 1165
1024 1025
1540 1543
1584 1603
564 571
866 864
345 346
139 144
4 190
869 872
1457 1457
321 322
48 52
226 229
604 624
1566 1566
419 421
1351 1352
1380 1386
663 652
1862 1849
1091 1089
1910 1884
350 389
1255 1285
416 420
522 538
1177 1189
615 609
1290 1303
1601 1612
247 247
621 632
1798 1793
812 790
497 566
895 896
1369 1369
71 121
1947 1940
364 364
269 279
434 457
1465 1465
170 166
1848 1862
902 903
1861 1857
557 556
1304 1296
1242 1242
1598 1594
1957 1901
445 442
1163 1164
871 872
1081 1082
1817 1802
474 479
858 870
565 564
897 907
1160 1153
1469 1456
945 940
989 989
1985 1971
1841 1748
1995 1996
62 62
276 265
827 826
1686 1694
1931 1933
1152 1150
979 1000
1771 1756
990 990
955 946
1645 1647
1698 1702
109 152
247 245
533 545
1274 1281
135 138
1132 1129
45 138
36 35
328 327
727 728
1249 1244
1935 1917
1544 1537
820 821
1369 1371
193 193
1116 1118
1221 1224
1518 1522
402 415
1573 1574
524 523
13 10
735 734
1569 1573
1115 1123
1530 1545
108 121
904 903
613 626
1458 1461
537 561
962 944
76 95
1583 1582
1339 1328
962 957
1946 1917
907 903
246 245
1117 1126
1156 1160
1454 1413
134 138
761 762
1933 1934
254 269
29 157
1889 1889
1420 1418
699 715
1338 1320
634 633
538 545
1102 1103
913 915
1017 1021
496 496
283 290
333 337
628 622
686 732
165 164
1978 1841
1871 1871
1190 1191
1383 1385
356 386
1182 1182
674 673
970 971
1713 1709
1599 1596
1809 1728
81 73
1304 1301
92 102
318 307
1602 1604
957 964
837 845
1092 1098
174 175
1655 1651
1505 1480
1128 1124
765 753
289 288
89 158
221 218
1927 1880
585 585
416 417
1372 1375
1086 1086
1908 1879
1232 1229
1776 1776
730 729
1763 1765
281 276
496 490
1430 1425
1100 1098
868 875
1751 1754
1934 1920
225 226
17 38
49 38
655 645
1522 1504
739 736
5 22
1450 1449
1931 1931
989 993
445 466
526 563
1362 1359
1434 1421
1158 1156
120 125
891 886
525 540
1661 1658
1353 1352
384 371
1958 1946
1104 1106
1038 1053
295 296
1910 1889
1267 1269
85 147
740 732
1826 1843
1860 1860
1953 1953
956 955
125 161
967 957
1768 1766
714 726
415 417
1344 1342
1377 1372
1552 1547
78 103
1351 1349
993 991
275 261
629 634
1969 1938
1597 1598
1873 1872
789 788
1494 1491
1670 1653
1067 1068
1789 1700
1676 1677
548 562
363 356
1590 1581
1429 1443
1288 1275
189 187
1843 1845
1275 1274
1112 1113
760 762
1682 1683
549 567
1476 1473
382 382
1315 1315
1303 1306
1530 1536
233 241
726 716
693 730
1591 1581
1130 1130
1831 1782
1161 1160
1701 1700
1195 1195
646 659
1320 1313
671 671
1253 1251
187 186
1305 1297
420 419
1894 1898
84 103
179 180
104 119
223 226
1450 1448
1843 1844
114 117
806 804
1576 1573
1185 1190
1864 1867
1892 1892
1625 1640
1357 1357
1878 1880
206 212
1407 1392
1029 1017
1247 1249
668 668
1764 1765
1648 1642
1550 1551
720 714
902 884
1041 1039
458 439
173 176
277 275
639 645
561 558
1006 1010
700 720
1891 1890
368 365
20 115
968 973
1034 1054
1841 1850
1019 1001
446 448
39 34
881 883
1431 1443
730 727
872 877
669 672
592 593
427 425
902 897
278 279
1270 1277
1416 1401
159 160
1148 1146
586 589
1629 1625
1692 1692
1270 1269
1158 1155
1365 1357
875 879
1628 1634
141 150
163 164
1604 1612
41 34
510 536
351 360
1761 1766
1111 1112
1400 1395
75 102
1718 1718
910 909
286 299
751 763
139 141
1317 1323
716 723
1886 1876
1865 1869
92 98
716 719
462 443
1351 1350
1855 1855
1289 1305
1673 1647
336 360
483 481
17 17
1104 1104
698 691
297 303
802 804
789 784
1040 1038
1254 1243
755 758
634 634
899 905
316 312
183 183
1974 1865
766 766
1926 1915
1478 1473
1233 1227
1390 1391
1152 1152
1359 1358
694 713
1166 1162
1481 1480
470 470
1078 1064
1653 1657
1469 1456
785 774
85 70
1473 1479
347 373
1005 990
189 183
655 673
310 321
1494 1481
505 494
1949 1928
1521 1506
897 891
566 567
561 570
560 565
677 673
1347 1348
347 347
372 382
719 717
647 647
1034 1046
527 518
205 220
209 213
822 822
1639 1620
1278 1272
619 635
323 318
638 639
1692 1693
1977 1898
966 961
1530 1521
1571 1570
1554 1551
773 774
1233 1235
194 196
1471 1464
1119 1119
459 446
694 691
1590 1600
1747 1712
467 469
1520 1479
1458 1459
116 178
366 360
1325 1326
1297 1305
273 267
840 836
1771 1739
1648 1648
1787 1764
1459 1463
1507 1500
1912 1915
1600 1596
995 1003
1085 1082
316 305
1558 1555
750 752
1639 1622
1746 1730
919 927
1673 1682
7 4
483 483
324 332
570 568
1001 998
1242 1240
686 699
35 52
1476 1472
1150 1148
592 590
257 258
90 81
666 653
1845 1848
1349 1352
1696 1700
808 810
738 735
1239 1248
483 484
555 553
555 553
605 605
376 375
926 925
785 789
579 590
809 813
1391 1392
1317 1313
1298 1303
209 246
1350 1349
936 935
761 751
1187 1185
1190 1184
413 420
649 655
1872 1872
1318 1314
542 537
1539 1542
1024 1012
1272 1269
1637 1634
1170 1168
763 764
1369 1371
653 653
749 756
276 279
1022 1015
843 834
1302 1299
890 887
142 143
1027 988
1130 1128
1297 1296
909 906
1947 1949
1688 1693
1243 1238
1093 1098
380 369
1535 1534
1917 1918
370 369
551 541
1167 1164
1545 1541
605 631
65 69
417 417
384 374
665 660
1367 1363
1059 1060
792 801
784 768
1852 1849
1165 1162
480 474
148 150
536 549
1589 1598
1510 1509
101 132
1788 1739
706 735
308 319
1007 1009
320 298
126 148
378 381
939 935
1037 1036
1383 1382
446 448
303 305
611 614
475 473
1202 1191
766 747
758 756
1854 1855
713 718
1387 1388
281 282
1517 1489
316 305
1272 1270
353 386
1348 1348
1547 1550
474 473
818 818
1556 1554
1331 1316
299 302
418 419
834 833
973 974
1775 1767
1640 1645
21 132
1379 1388
1468 1478
1115 1128
1459 1459
739 753
1036 1042
837 839
1448 1449
450 451
1056 1060
1798 1800
1685 1684
1370 1358
608 608
702 721
1661 1665
1396 1393
761 756
1209 1201
863 877
780 774
1133 1138
406 428
1728 1731
115 160
1174 1174
271 272
984 991
236 247
1287 1286
1874 1877
94 91
329 377
1692 1693
550 563
1724 1717
1246 1248
1290 1300
1468 1476
1008 994
1643 1635
1680 1665
871 875
1940 1936
1387 1388
1798 1800
1050 1051
196 238
776 770
634 635
436 452
1939 1884
1029 1048
1430 1428
1294 1306
1982 1819
1446 1447
1580 1577
1547 1548
317 304
1877 1878
87 124
1429 1399
104 115
41 57
1773 1756
1412 1390
816 815
1692 1692
8 248
156 154
1614 1616
355 372
97 91
576 574
1117 1123
589 590
11 163
28 88
942 939
1302 1299
1299 1301
1530 1525
1112 1113
1728 1720
17 50
169 168
846 849
1241 1237
299 298
251 271
904 906
1583 1581
686 684
839 849
1710 1709
192 204
402 392
998 997
821 821
1941 1880
1083 1073
264 262
1993 1129
1800 1801
1463 1459
1857 1854
119 119
1351 1349
854 870
705 718
151 151
1217 1217
745 729
1252 1234
1488 1486
826 826
433 446
1230 1229
336 327
510 530
15 10
1340 1324
224 228
1957 1900
358 357
304 301
476 473
981 981
1626 1627
1828 1728
1094 1093
866 871
1263 1262
1974 1984
595 610
482 482
1494 1477
758 759
783 779
307 304
306 311
565 564
746 752
1116 1125
19 198
1642 1644
1116 1120
1432 1434
284 295
1099 1097
148 150
683 706
1112 1108
158 156
611 610
1838 1856
69 94
1334 1333
45 43
422 426
759 762
253 266
1639 1630
748 746
300 301
700 699
567 571
181 181
744 737
214 219
755 747
1585 1581
1074 1072
1881 1879
1528 1481
1327 1322
1936 1930
1983 1744
677 678
76 75
1457 1457
1827 1817
469 471
339 336
712 707
793 794
96 119
1945 1931
1554 1550
1818 1786
520 528
1411 1408
1056 1054
383 378
1722 1719
877 885
1649 1649
1459 1463
405 388
1643 1638
923 919
1695 1700
1228 1224
446 442
1110 1108
1948 1949
539 558
704 712
582 580
565 564
967 975
1352 1350
1649 1626
1633 1646
168 185
292 292
1929 1926
41 158
1072 1083
524 516
1155 1145
169 165
1198 1188
1891 1890
326 361
414 420
1637 1644
1986 1804
1793 1740
1119 1119
1775 1774
553 557
323 349
741 735
1810 1815
1517 1485
949 950
1690 1689
1910 1901
1121 1125
1882 1882
928 928
1009 1011
1423 1414
1193 1199
117 125
1073 1074
1108 1109
1096 1098
1440 1444
632 633
493 496
760 764
1267 1268
776 778
577 590
4 219
1572 1563
59 190
1793 1768
1966 1913
538 545
1551 1551
706 699
886 884
334 393
770 771
729 730
1104 1103
1667 1661
1504 1497
321 320
1323 1323
693 721
5 11
1390 1391
996 991
256 262
530 568
1418 1411
499 528
357 359
1052 1010
1060 1060
1129 1124
827 833
1700 1700
56 79
1471 1474
1265 1268
828 830
1062 1062
65 66
1923 1881
385 387
1976 1910
1021 1021
442 444
1866 1869
779 778
1811 1776
439 444
1074 1060
791 808
722 720
1082 1069
704 709
1548 1548
963 956
1578 1578
1699 1693
200 200
1654 1651
706 697
1889 1889
385 375
836 833
899 901
272 272
478 482
1239 1238
256 279
1756 1719
1665 1664
186 189
1813 1753
723 726
1902 1885
610 617
1215 1213
477 476
1292 1302
260 272
839 832
358 376
1400 1401
798 782
1240 1238
1102 1110
139 142
1151 1150
1419 1417
1356 1356
1145 1143
494 571
1328 1329
1658 1654
208 216
534 531
1093 1097
485 482
1810 1767
261 260
557 559
8 100
1490 1490
502 518
1605 1606
62 78
572 568
122 121
1216 1217
1036 1040
435 430
1205 1202
1115 1114
232 236
833 834
935 935
309 315
1296 1297
1702 1703
1442 1399
202 203
1690 1690
1663 1665
1472 1472
1976 1943
1664 1667
1776 1775
1025 1025
70 112
1779 1770
1335 1344
1981 1950
763 761
692 692
1804 1801
1049 1049
1438 1388
1067 1062
869 877
614 610
171 168
309 313
1544 1545
895 899
1698 1694
748 755
355 357
1250 1251
1616 1615
900 903
1988 1989
409 395
1318 1317
1426 1409
554 565
838 841
1820 1821
1206 1206
792 774
1450 1449
1976 1984
895 901
268 265
1643 1640
1299 1302
388 383
83 121
1153 1153
1055 1055
534 564
1022 1008
1271 1271
71 174
1084 1070
1441 1428
1993 1996
1266 1268
1336 1334
98 113
1983 1734
1047 1047
1926 1922
1843 1835
785 772
944 935
1859 1860
123 179
987 1000
1541 1541
502 505
278 275
857 857
1688 1693
81 72
587 594
1763 1719
452 449
1713 1709
680 707
1185 1190
1254 1262
1628 1630
247 247
1460 1461
626 624
1785 1787
74 164
1506 1492
1992 1585
251 270
439 445
43 112
118 140
102 114
628 624
1229 1230
15 26
123 174
1234 1236
666 654
1337 1316
457 466
1168 1166
794 800
1800 1798
782 773
616 607
1510 1499
1748 1748
757 758
1850 1849
1220 1222
1208 1195
1263 1238
1459 1458
575 580
271 268
542 557
1745 1738
926 930
599 594
1135 1132
1586 1601
857 855
335 347
715 709
260 266
1639 1636
1402 1388
1092 1098
1191 1188
1191 1188
1928 1881
296 296
1368 1367
1370 1366
25 240
1431 1426
1909 1899
1794 1794
1931 1934
523 555
1966 1911
1838 1796
49 43
210 232
1793 1786
150 151
1555 1552
995 994
204 212
1684 1687
193 194
1684 1688
1887 1885
865 867
639 644
1728 1707
1367 1371
1131 1135
1695 1692
1782 1796
159 169
1080 1069
1011 1011
537 553
265 262
1794 1794
745 744
557 565
1855 1856
904 907
482 482
1452 1463
1397 1394
323 298
991 990
1421 1410
618 625
1180 1173
1671 1669
917 910
1679 1665
916 903
215 214
1566 1566
1791 1726
441 452
104 115
1373 1365
1462 1461
527 548
394 411
99 98
1679 1680
393 382
1001 986
604 601
895 888
1719 1723
417 419
620 635
1922 1916
349 370
1830 1828
700 730
960 958
1018 1015
4 127
1544 1544
349 353
106 142
1484 1486
411 414
1113 1111
918 915
518 514
703 708
15 24
1059 1058
155 154
374 384
1562 1562
1621 1627
277 280
793 795
502 493
1272 1271
1257 1253
348 344
936 935
708 707
1147 1162
979 977
404 385
1978 1981
868 881
1083 1068
1980 1710
53 153
337 332
809 785
1813 1750
1737 1737
1174 1174
267 270
115 185
1442 1421
545 571
780 772
568 569
544 538
1814 1820
339 385
637 641
1420 1424
6 172
840 843
1851 1851
550 558
1181 1203
570 568
667 647
1218 1213
804 795
569 570
573 579
258 274
1560 1560
1252 1236
635 634
772 772
893 889
1721 1718
835 836
718 719
1233 1229
1060 1060
1030 1036
1751 1740
186 190
1038 1049
390 383
1717 1707
36 55
1 1516
167 182
1883 1889
1887 1888
984 995
253 275
1146 1149
449 443
1252 1249
1458 1456
883 884
947 937
1021 1022
464 442
964 948
259 253
1761 1739
1202 1209
1572 1578
652 653
203 216
1739 1733
770 770
98 114
275 270
640 639
474 482
958 959
808 798
896 885
1044 1048
732 732
1718 1717
363 366
1904 1895
1098 1098
1961 1953
1653 1652
1615 1613
942 943
1519 1515
1000 1002
1774 1751
1531 1534
999 994
603 603
1133 1124
472 476
348 375
286 277
288 303
1261 1255
1424 1401
743 743
1203 1193
815 815
1264 1241
1719 1723
1422 1420
206 204
465 441
214 226
961 949
37 38
48 41
369 369
963 966
948 942
34 50
1760 1763
866 864
144 188
391 393
1249 1246
1633 1632
52 71
1911 1908
333 333
1415 1426
1813 1787
1403 1398
572 586
1337 1342
1766 1727
1125 1128
717 719
662 661
688 724
1155 1151
455 468
1737 1739
511 511
388 370
1955 1920
525 522
124 122
807 811
1253 1253
1845 1826
1133 1127
657 649
1345 1341
1767 1767
584 587
1163 1158
247 246
413 419
1786 1796
1934 1935
1293 1297
1204 1205
1663 1655
719 720
710 719
551 565
1836 1818
855 875
108 115
545 556
1637 1644
1435 1425
1938 1897
710 718
1706 1710
1260 1259
1525 1486
397 426
1519 1513
517 516
1869 1872
1053 1012
1342 1327
1579 1578
406 405
794 789
140 171
1146 1158
1077 1082
603 612
185 184
18 104
1440 1422
1365 1366
1682 1663
1341 1335
1133 1130
1873 1872
891 886
1214 1213
338 367
382 377
1504 1505
800 778
1555 1562
259 269
1225 1217
259 252
1557 1560
436 450
14 10
1504 1481
743 760
124 140
1064 1064
657 652
1070 1062
63 61
642 642
1903 1898
1548 1549
1122 1119
331 330
320 312
1829 1824
807 811
1870 1873
1264 1246
1371 1369
1702 1700
1115 1114
1220 1222
672 672
49 156
1396 1395
942 939
992 988
1929 1927
385 380
1320 1318
495 564
1120 1128
1821 1774
737 732
1962 1931
318 303
258 267
983 990
625 629
975 975
835 835
1654 1652
954 961
486 483
1422 1420
900 893
793 791
321 303
57 105
1776 1775
1616 1614
1591 1587
1966 1940
1166 1162
1364 1363
224 239
377 380
1425 1410
169 166
1705 1707
797 808
1643 1640
665 665
1802 1747
1862 1849
929 935
1627 1642
362 358
211 242
1350 1352
10 218
1351 1349
9 38
301 301
196 241
384 374
949 939
1823 1787
817 815
829 827
928 931
1480 1476
768 768
1268 1270
406 421
1100 1095
584 583
1910 1911
1694 1693
1183 1201
885 884
788 778
1141 1145
865 869
1273 1274
1030 1001
1105 1108
1073 1071
1246 1248
669 672
559 566
60 118
420 428
767 756
818 820
5 16
571 569
394 380
561 564
579 593
286 273
213 224
784 778
184 184
1389 1390
217 214
974 974
788 775
1425 1386
1544 1540
599 601
244 246
1941 1943
968 961
1983 1701
1369 1371
603 614
1748 1751
330 327
1121 1128
424 424
1036 993
1477 1478
1241 1242
516 520
74 141
1270 1277
691 689
653 645
368 370
1426 1409
1178 1179
1433 1433
912 907
511 546
722 724
1301 1299
346 345
1035 998
178 174
139 143
1424 1417
1563 1564
1646 1643
206 226
533 537
543 563
1449 1421
1932 1935
243 247
923 928
262 262
1151 1153
69 92
953 939
26 99
35 53
1223 1213
1733 1733
1599 1599
1235 1235
1526 1515
548 557
1889 1887
1573 1564
794 802
807 811
1374 1375
263 261
171 173
546 535
1543 1543
326 374
552 565
915 929
1194 1197
336 375
791 770
1126 1118
841 842
1468 1467
1659 1654
1721 1714
1634 1626
992 999
692 694
1816 1771
1990 1243
59 184
1145 1147
272 268
1006 1003
1664 1659
1553 1552
1874 1878
788 775
338 332
1268 1266
1529 1520
1801 1706
1001 1002
1859 1854
1629 1629
238 244
1861 1862
1155 1154
494 493
98 105
175 190
1273 1271
1596 1595
874 879
602 591
1015 1011
1436 1418
378 374
775 774
1481 1477
954 946
1039 1034
27 57
1081 1087
1144 1164
1191 1192
215 215
1937 1895
1586 1581
191 182
537 565
359 356
1370 1371
1549 1551
1995 1290
688 711
1921 1915
278 268
1505 1482
1958 1926
312 315
1194 1197
497 571
1512 1500
1114 1108
1918 1914
687 685
1795 1797
210 244
130 154
1977 1896
144 169
711 709
500 544
1414 1408
718 715
981 975
953 974
296 295
1394 1394
1080 1085
1975 1978
1254 1245
1236 1235
119 161
965 966
270 273
1991 1352
899 904
82 72
1846 1833
1747 1763
697 689
583 581
161 161
760 751
432 439
180 181
1884 1890
1714 1711
744 746
1977 1849
665 663
1650 1651
60 57
1696 1692
1431 1431
1782 1781
1605 1597
744 732
973 972
92 91
474 476
512 520
25 151
1114 1105
762 754
315 310
1101 1101
1261 1278
219 225
1654 1658
26 72
355 359
404 412
1343 1325
1436 1411
1537 1541
1112 1108
634 635
838 843
1805 1784
840 844
95 94
1325 1321
1532 1531
458 446
1650 1650
1227 1227
211 207
521 514
769 770
1130 1128
553 554
1552 1547
1603 1609
124 155
1039 1029
439 445
801 802
1809 1814
109 180
861 865
740 754
853 847
1221 1226
245 245
1253 1251
216 222
864 864
361 380
1501 1484
1411 1411
1224 1219
786 783
1743 1730
1588 1595
1332 1317
1539 1542
30 125
1432 1409
116 163
1057 1060
909 915
1898 1900
1139 1141
757 756
1386 1387
299 298
369 371
1881 1885
1412 1394
1523 1516
1743 1765
1559 1561
330 349
1665 1663
1440 1411
1753 1739
1765 1737
749 746
597 616
522 514
1223 1217
203 220
1148 1146
1942 1908
1805 1746
1537 1537
1636 1633
148 146
1707 1711
1620 1622
1530 1528
915 928
708 715
1999 297
1038 1026
1342 1327
1372 1359
1187 1197
1672 1650
309 315
1179 1188
99 190
1525 1507
357 352
615 609
178 187
941 945
1486 1486
244 244
1603 1609
39 62
158 162
1448 1449
864 869
1148 1154
710 730
663 645
1337 1331
540 538
698 717
1299 1302
1418 1425
1504 1499
845 848
1966 1912
651 651
1418 1424
1596 1593
1573 1562
810 809
624 629
468 450
575 583
395 417
1753 1756
675 678
856 856
1760 1722
1490 1484
1804 1801
1905 1896
745 754
1761 1752
1673 1678
298 298
83 111
1842 1715
156 170
1657 1659
513 516
558 563
1511 1497
264 274
608 609
966 975
1545 1545
1507 1472
473 477
1607 1598
1130 1130
376 374
1368 1366
179 181
943 936
425 426
1917 1903
637 636
297 292
472 475
122 134
559 558
1126 1121
192 225
1683 1656
1925 1923
1834 1729
1738 1740
1630 1642
1496 1494
1521 1518
428 427
1649 1621
447 442
1884 1888
377 371
655 645
93 124
1535 1546
221 220
1185 1187
489 536
187 187
404 409
1997 2000
1408 1396
521 571
59 57
919 927
1245 1249
1327 1326
1079 1067
1471 1464
1637 1633
539 561
1829 1824
988 995
1115 1128
27 25
1071 1071
1951 1956
1021 1022
588 589
273 275
1209 1201
1097 1098
1381 1383
1443 1443
58 143
1128 1122
1277 1279
1799 1711
1403 1399
212 223
1411 1413
554 555
1696 1699
1759 1709
645 645
567 569
981 994
1850 1850
1868 1856
233 247
657 655
251 271
889 884
1753 1740
1370 1370
51 118
793 796
437 438
448 454
1669 1660
1524 1500
1246 1243
1743 1719
287 298
1896 1893
896 887
1151 1150
106 104
202 224
411 394
1798 1798
564 571
1490 1483
1801 1803
1676 1623
1422 1424
82 86
1392 1390
1718 1716
34 123
155 187
98 103
439 445
95 105
918 923
1528 1499
730 735
1226 1222
158 157
1137 1138
701 700
921 919
107 179
679 678
1653 1651
740 737
1843 1816
739 743
1955 1935
661 672
332 338
282 264
1874 1872
861 881
591 592
458 467
1392 1392
851 852
1802 1771
503 510
1017 1013
301 300
626 624
467 471
387 382
1792 1795
57 56
1325 1330
258 259
1696 1698
410 407
1063 1069
1393 1386
271 266
787 773
1796 1755
1618 1618
429 449
999 998
735 735
431 428
1793 1772
279 265
1482 1497
1128 1118
573 584
1396 1395
1040 1040
113 132
1764 1763
658 659
42 93
360 355
1804 1801
1947 1941
1796 1704
96 96
317 313
975 975
1163 1156
166 164
1337 1332
1278 1277
1164 1165
1288 1286
1778 1747
1569 1570
1808 1724
1492 1493
1308 1307
1468 1465
1188 1195
881 883
407 406
1238 1243
731 727
217 218
1622 1639
1787 1703
269 266
471 470
1781 1796
590 593
999 990
694 713
1297 1302
507 509
1779 1784
1253 1251
948 943
283 277
1047 1039
295 296
692 694
1778 1710
527 527
1471 1477
626 621
1155 1162
402 384
905 905
1862 1856
67 73
1092 1091
1605 1603
710 728
1855 1856
1692 1693
1832 1820
741 735
640 640
54 114
1854 1852
1916 1911
1239 1239
1866 1862
1444 1440
433 432
499 494
1474 1473
318 310
630 627
949 939
576 585
1346 1325
452 459
700 725
1790 1789
1775 1773
1005 1000
289 288
1711 1706
833 831
1797 1772
1920 1931
354 355
347 368
693 693
1908 1899
1007 1004
1920 1920
122 121
1479 1475
1712 1710
1714 1706
733 736
1588 1601
588 590
1445 1442
331 327
891 891
789 781
1943 1896
1505 1472
1920 1929
661 656
768 770
1224 1224
1374 1373
817 820
850 845
1042 996
1503 1502
1561 1560
1262 1267
1210 1209
1884 1900
331 343
1400 1399
1246 1244
1143 1145
180 186
1061 1060
1253 1251
941 942
29 51
523 519
413 414
1063 1061
114 185
1841 1858
856 855
1090 1093
802 797
303 302
876 882
73 138
649 658
749 761
1850 1850
1724 1723
1071 1086
53 52
1685 1691
407 411
1220 1221
1825 1783
1852 1859
1315 1321
834 833
1344 1344
652 646
1293 1297
9 141
876 885
1732 1732
103 175
1159 1159
1633 1635
246 244
522 527
1683 1677
1211 1194
702 707
1241 1240
144 149
835 831
1022 1007
1358 1358
513 514
1154 1156
1002 1003
585 588
716 713
1214 1217
227 241
120 123
1276 1274
160 183
1302 1292
745 740
737 737
119 137
247 245
802 797
1692 1692
832 831
408 408
664 664
1132 1129
1992 1989
1213 1216
900 883
1919 1898
1539 1544
1655 1658
108 140
588 590
251 249
1095 1091
1729 1731
86 91
1153 1156
1238 1241
23 43
140 148
1584 1600
801 774
600 624
88 120
1450 1448
1536 1542
1127 1124
138 153
1150 1155
738 731
1052 1054
1013 1011
1081 1058
1833 1825
1777 1752
783 779
1900 1899
48 60
1554 1550
1027 987
1238 1237
466 449
923 922
1640 1634
502 508
1072 1071
1323 1324
1994 1887
631 631
212 222
347 373
669 656
1670 1670
431 434
909 924
1019 1018
1195 1191
1319 1314
1964 1938
943 941
1995 1998
897 886
1301 1299
1799 1747
1603 1595
1931 1905
1639 1633
881 882
220 218
723 722
997 988
1193 1184
1839 1841
420 423
1100 1100
1959 1909
607 606
431 437
1819 1774
480 481
587 580
740 731
1825 1832
1490 1480
190 189
1150 1146
1061 1060
608 606
1444 1444
371 374
325 333
1972 1843
91 153
329 329
897 907
1142 1141
1772 1773
1654 1657
1220 1220
337 325
787 772
1659 1660
614 611
1233 1225
402 393
539 552
554 565
1218 1213
1620 1619
61 65
925 925
282 289
1587 1581
1867 1870
1383 1379
325 324
1752 1711
777 780
1574 1572
981 993
1756 1729
690 717
745 755
1707 1711
1755 1761
1708 1706
355 360
84 79
1677 1678
1045 1048
73 167
659 655
986 989
994 998
866 869
503 508
344 364
1913 1894
683 682
1545 1541
1971 1979
1397 1395
506 506
1480 1476
1647 1618
51 68
1089 1088
1129 1127
1318 1317
1447 1436
1538 1537
173 175
942 943
16 221
1808 1815
1286 1291
434 433
993 992
1779 1785
1046 1022
1483 1485
1791 1793
769 773
197 226
665 669
1944 1937
1041 1010
1302 1304
340 360
575 574
1969 1750
345 349
1822 1779
132 133
1020 1015
1045 1004
85 88
795 782
744 740
1175 1174
1890 1887
1948 1928
1610 1606
1792 1795
1060 1057
1089 1089
573 582
1697 1703
1361 1364
1803 1744
1085 1082
1680 1650
1409 1408
1380 1373
466 454
1500 1494
1597 1608
1896 1892
745 755
348 349
804 791
1856 1853
317 320
1903 1905
851 845
418 421
1828 1838
1338 1337
1760 1744
391 376
941 945
1275 1273
1937 1938
1122 1119
581 581
1735 1741
16 7
987 991
1106 1102
396 409
1602 1608
1147 1157
1075 1078
734 735
749 757
53 173
1734 1711
808 778
140 166
1217 1218
170 179
1346 1335
1002 1003
139 139
1720 1705
45 103
799 807
485 482
389 376
1753 1737
1268 1281
1757 1759
1282 1283
894 903
1095 1096
1971 1930
1973 1949
1207 1209
711 721
1953 1922
935 935
1 651
1291 1297
1915 1911
1463 1458
1316 1321
1918 1910
1436 1412
1738 1718
291 297
1284 1272
1503 1493
458 445
86 74
1755 1763
595 611
279 280
1252 1253
1316 1320
1783 1788
1162 1163
423 423
1479 1475
1689 1687
156 159
1989 1970
1835 1845
66 94
1846 1851
46 88
1994 314
110 114
1423 1426
1922 1917
1812 1794
313 317
1973 1972
318 305
524 525
747 747
833 836
1565 1565
725 719
205 206
1557 1557
1656 1660
922 928
1337 1341
1628 1626
1529 1542
1756 1730
1161 1165
2 1
1059 1057
173 176
1509 1498
97 165
658 659
631 635
875 863
506 497
980 993
1475 1475
307 299
1259 1276
1675 1675
189 184
1233 1232
1612 1610
137 135
1271 1273
337 336
261 263
451 468
1494 1482
1620 1621
589 580
1714 1704
1806 1806
564 563
1382 1381
1867 1849
1858 1861
1439 1443
1199 1196
353 356
597 594
627 633
1146 1143
1125 1128
782 777
1934 1920
976 976
1322 1318
176 181
1873 1873
102 124
27 29
1398 1396
248 247
1189 1186
974 972
1577 1578
216 221
22 225
1130 1129
1274 1278
1476 1472
890 889
1721 1723
603 594
168 182
894 903
541 539
26 88
1410 1386
92 92
1909 1900
464 470
1657 1656
1145 1151
629 627
555 556
580 581
9 8
89 143
1151 1150
430 436
462 462
1151 1151
1721 1717
985 982
475 481
1174 1174
460 457
907 905
219 221
261 263
997 999
671 671
696 690
1236 1235
509 559
1827 1839
333 339
1667 1661
97 103
1423 1397
1269 1284
1934 1925
67 120
1960 1931
1184 1189
1361 1364
1769 1770
1855 1857
1082 1072
711 737
121 167
891 893
616 613
1026 1027
1009 1000
164 166
58 140
1490 1480
1404 1401
1356 1356
1394 1395
940 940
1634 1633
1492 1499
1844 1854
389 388
173 174
1459 1460
948 950
488 535
836 836
554 552
488 489
517 533
1462 1462
40 35
400 371
611 613
460 468
848 847
1939 1912
332 341
1422 1412
820 820
1090 1090
782 770
333 327
12 95
308 308
1836 1738
1954 1934
1302 1300
434 469
493 497
1445 1441
1280 1267
1703 1703
1793 1795
776 771
570 568
464 460
209 240
426 428
542 563
1255 1271
1868 1873
1684 1671
1723 1722
1168 1170
611 611
1872 1871
754 764
745 734
513 517
834 833
23 8
1013 1019
871 879
1049 1051
310 320
1794 1793
309 316
1330 1322
1546 1540
870 865
632 622
270 267
1851 1856
1566 1566
1727 1719
143 148
532 531
991 999
692 693
1169 1150
1841 1835
401 408
836 835
173 176
1288 1277
1819 1812
905 905
228 227
723 726
1706 1705
880 882
1931 1904
928 930
1660 1659
1676 1621
1325 1324
1008 1009
1538 1546
19 206
729 736
729 728
289 288
791 799
878 878
301 301
762 764
1186 1196
1842 1843
814 813
548 542
1383 1379
59 101
767 769
1017 1018
584 581
418 422
1634 1631
1189 1186
76 96
708 715
1609 1606
492 490
1416 1417
895 883
1299 1300
1700 1703
1544 1545
1019 1001
1363 1363
370 389
1362 1363
576 591
1033 1034
303 298
1694 1693
1324 1316
1192 1197
364 360
1347 1348
947 950
1858 1856
1182 1181
660 658
1483 1495
1194 1209
1087 1087
713 721
1778 1744
1118 1120
806 798
1427 1415
1344 1319
1012 1003
1398 1399
115 130
1215 1216
91 171
1371 1365
848 849
37 38
1635 1637
118 173
805 810
315 316
1246 1244
719 720
1304 1300
1095 1096
1299 1294
1083 1089
519 536
1676 1669
1187 1186
950 950
1199 1204
1234 1235
645 645
1322 1319
365 357
1836 1760
1545 1542
1364 1357
724 709
1416 1403
438 438
990 993
1985 1981
1030 1012
690 689
1053 1022
1943 1932
1904 1905
29 180
1617 1618
1874 1870
703 694
1287 1306
1606 1605
417 417
728 728
543 539
4 35
623 633
1169 1174
986 1000
835 835
572 582
1259 1265
982 993
1218 1214
1685 1679
989 992
1918 1909
1911 1913
80 89
1660 1659
899 905
11 161
1875 1869
587 575
1035 992
658 649
1891 1891
1718 1716
1295 1292
1096 1095
620 610
1673 1640
804 810
1458 1459
1564 1562
700 716
1271 1271
726 729
103 142
873 882
1345 1342
1729 1730
266 278
827 826
1385 1388
400 421
194 197
1674 1682
1213 1213
1307 1299
871 877
852 847
86 114
317 317
842 844
1067 1062
1879 1878
1747 1763
1328 1323
622 625
1118 1119
1953 1911
1189 1196
782 782
1948 1891
1331 1329
1786 1797
313 311
1786 1794
750 753
1402 1398
1737 1712
1723 1718
1427 1408
1206 1208
1723 1708
635 634
1987 1902
422 427
1159 1156
546 570
822 822
413 422
1349 1347
1120 1120
1006 1004
1645 1636
1445 1445
1675 1671
1149 1163
1185 1190
833 833
1058 1057
873 874
1670 1653
1316 1321
1904 1899
403 410
481 482
1786 1711
631 630
913 912
625 621
734 734
1443 1425
584 580
658 658
584 579
1807 1813
660 658
297 292
1003 1003
1394 1394
1396 1393
851 848
558 564
251 273
250 263
991 992
1000 998
1347 1352
177 179
384 386
1041 1047
1917 1909
776 770
6 5
1412 1394
1555 1548
709 708
1743 1738
784 778
924 928
1183 1207
119 142
1932 1913
112 112
1400 1390
433 455
1742 1702
400 392
771 775
1079 1080
1648 1649
239 241
50 56
1382 1380
1179 1178
746 748
562 564
1921 1878
1657 1658
604 596
694 691
207 229
64 165
1376 1372
496 491
1134 1122
262 269
916 920
1124 1125
1596 1596
905 905
811 812
1699 1703
879 884
1558 1561
1639 1641
1074 1085
1513 1472
1939 1934
816 816
796 799
881 883
1211 1213
1332 1320
1267 1267
1830 1830
355 372
1985 1981
1995 1368
538 535
1594 1606
1329 1321
306 307
1537 1536
578 577
1495 1484
435 465
1118 1120
304 305
1168 1164
644 639
1802 1735
1214 1214
1553 1553
643 645
288 294
1569 1573
675 678
1016 1018
1160 1162
632 626
1435 1437
1382 1380
513 517
1985 1986
1764 1763
109 180
1751 1738
986 994
689 692
1969 1954
712 737
1988 1425
217 221
1082 1076
841 847
1224 1225
1208 1198
774 771
1136 1120
289 289
1829 1797
284 282
497 565
605 619
1305 1299
1041 1009
1566 1566
548 561
933 933
751 746
266 274
919 925
318 321
863 869
1471 1474
1040 1038
945 945
246 244
1051 1036
20 180
666 671
200 199
1569 1566
1575 1569
457 455
181 188
47 55
1784 1759
163 164
1275 1282
387 384
547 542
1780 1787
1542 1537
305 304
1957 1948
1200 1196
1059 1059
165 181
33 191
1809 1803
1545 1545
545 536
317 304
1582 1598
1816 1807
1352 1350
343 355
723 720
272 276
1885 1881
294 293
470 470
420 421
376 378
1167 1147
1571 1572
379 370
103 116
361 353
1409 1411
1064 1064
383 391
1467 1464
623 629
498 491
432 430
1954 1925
526 537
1738 1717
231 245
1366 1366
898 901
944 935
78 112
437 447
1992 1999
1150 1156
625 627
854 866
1576 1576
1695 1690
611 605
1740 1721
543 553
1788 1795
1642 1640
1960 1934
1062 1060
854 849
184 182
1781 1747
1096 1094
1909 1917
1124 1119
505 490
1897 1883
1669 1669
1840 1850
1636 1638
1548 1549
340 340
48 37
339 383
750 753
1162 1162
752 750
1272 1275
1006 1010
492 555
84 84
43 94
466 457
1471 1478
1734 1711
718 722
1305 1300
1063 1064
836 832
1602 1601
681 710
630 631
166 184
305 299
1489 1493
1997 1262
94 174
528 523
1404 1402
56 101
181 181
1690 1687
1375 1364
114 138
540 552
1895 1890
862 876
13 86
1314 1314
1532 1534
87 77
424 426
860 880
165 173
1231 1233
1837 1786
1427 1410
88 80
625 623
1041 1026
787 790
1788 1794
424 425
1795 1781
753 751
1768 1767
613 625
245 245
1709 1701
1906 1888
620 622
130 180
734 733
1436 1437
1585 1613
1200 1196
1411 1401
1308 1309
1560 1562
693 691
1770 1762
1329 1328
965 952
1646 1636
1416 1414
1919 1908
553 554
1719 1723
704 704
477 478
1087 1077
1081 1068
1576 1577
1972 1979
1294 1302
1467 1464
1636 1633
678 674
1607 1601
231 233
1536 1538
1241 1238
97 91
1725 1726
267 266
647 658
1670 1656
1751 1749
396 403
585 583
630 631
772 772
1526 1525
1995 894
648 645
216 217
12 164
1310 1301
1975 1819
1077 1080
1072 1085
71 70
32 44
1046 1052
1912 1915
89 103
509 529
410 412
1884 1879
718 708
1802 1803
759 757
402 422
1187 1190
799 805
1463 1459
1856 1849
969 971
610 614
1916 1907
106 143
853 849
579 579
880 884
1251 1244
1043 1051
1697 1694
1799 1764
1184 1185
859 863
1853 1849
62 136
1533 1533
354 353
1795 1761
908 907
960 957
371 376
467 467
270 269
1512 1511
949 935
1926 1919
1531 1545
375 374
1626 1624
1960 1950
24 239
162 182
1578 1578
1499 1491
295 293
960 964
90 165
510 511
350 349
791 776
709 716
381 379
553 555
163 164
1413 1396
820 822
405 380
1207 1205
1274 1272
1791 1732
1571 1576
1009 1005
127 152
892 887
1708 1712
1852 1849
955 935
446 445
1818 1817
651 646
676 677
1729 1723
917 926
1038 1051
1314 1314
486 484
1523 1530
416 414
1126 1128
1075 1078
1204 1209
1497 1494
1709 1712
965 935
479 478
48 60
1472 1473
1998 1697
1135 1130
1088 1089
1415 1419
1296 1295
387 382
1236 1236
324 337
1437 1444
564 567
1793 1708
1372 1357
626 622
1712 1716
1024 994
516 520
1258 1235
187 188
1435 1409
1333 1317
188 189
1924 1926
103 109
1182 1182
346 352
577 582
577 576
104 114
1529 1512
308 302
536 547
1927 1935
856 864
154 162
735 733
1164 1165
629 627
229 228
302 304
2 1176
1943 1946
180 187
1594 1602
1080 1087
582 584
1470 1466
754 757
1869 1870
253 251
1146 1159
1454 1456
665 665
1749 1753
642 641
1543 1544
220 227
1318 1318
1028 1006
684 683
1842 1842
175 174
1588 1601
180 185
1328 1325
302 301
1531 1545
1046 1033
1954 1940
1308 1310
789 783
1080 1060
477 476
1117 1119
497 494
1951 1878
1897 1882
1402 1396
268 265
1698 1700
235 232
1701 1701
479 484
653 664
222 244
1300 1301
1334 1336
971 973
847 844
1400 1399
887 889
249 249
1338 1337
1583 1583
1222 1229
1759 1754
404 415
1026 1027
178 178
545 541
158 177
1415 1413
1989 1407
1754 1726
1067 1066
1624 1638
906 904
663 653
236 232
222 221
1836 1828
1979 1984
1143 1151
263 260
1234 1234
573 583
1157 1165
327 362
1332 1320
1063 1068
1532 1534
342 362
456 467
1044 1042
32 178
1491 1476
1986 1733
1354 1351
1656 1650
965 968
1480 1478
796 799
1210 1194
1939 1913
1540 1539
564 570
198 195
1909 1906
1570 1568
1962 1884
1505 1474
179 179
599 600
269 264
766 767
1840 1716
535 538
403 389
1182 1182
63 128
383 389
1077 1077
84 104
1693 1692
