100 1346
91 87
14 15
37 37
49 49
90 92
9 11
86 85
92 79
62 62
67 67
20 19
14 16
49 49
49 48
48 48
18 18
95 78
100 98
52 52
65 66
13 13
22 24
33 33
49 46
42 44
77 77
9 10
68 67
66 65
75 74
5 25
74 73
93 91
14 16
91 91
34 35
94 64
23 24
27 27
5 7
39 40
10 11
16 19
66 68
88 91
99 88
85 83
51 46
26 27
33 36
1 29
99 69
81 79
100 97
96 89
42 44
68 68
39 42
83 82
2 4
90 90
72 70
99 82
55 55
29 31
55 55
71 71
43 47
78 66
93 91
99 87
80 80
74 73
94 57
32 32
42 42
10 10
83 82
93 91
92 83
80 80
35 36
99 79
96 75
70 68
76 75
2 74
48 48
67 67
43 45
100 96
37 37
69 69
13 13
8 20
33 35
36 35
11 11
15 14
38 38
47 48
35 36
32 32
86 86
59 59
54 53
13 13
98 80
27 27
59 58
23 24
98 91
45 47
67 66
49 46
45 47
60 59
16 20
84 88
54 53
84 87
81 80
99 94
98 92
89 90
14 14
79 80
18 17
6 9
59 59
16 17
90 92
23 24
41 42
31 31
5 10
80 80
2 11
64 65
24 24
98 80
39 38
22 26
77 76
63 62
52 52
59 58
66 66
91 88
25 24
69 69
28 28
15 15
73 73
41 41
21 23
66 68
4 13
39 43
82 83
60 59
60 61
10 11
26 27
5 17
12 13
27 27
77 76
44 43
52 52
62 62
4 20
91 87
55 55
68 68
70 69
37 37
97 80
100 95
25 26
62 62
13 13
21 24
76 70
62 61
48 48
37 37
15 14
20 20
62 61
94 96
78 78
75 75
24 24
55 55
17 17
84 85
95 81
38 37
25 24
27 27
91 91
96 74
10 11
30 30
35 35
66 65
72 71
72 71
13 13
66 68
22 23
82 83
80 80
50 47
17 19
9 9
79 80
74 71
15 15
26 27
26 25
13 13
51 45
1 28
97 90
79 80
97 73
9 9
8 18
66 68
48 48
28 28
31 31
26 25
59 58
30 31
50 49
67 66
82 80
19 19
53 53
97 76
81 79
74 71
65 66
72 69
14 16
95 82
50 49
64 66
90 92
65 65
88 90
49 46
16 17
56 57
10 11
13 13
84 90
77 77
93 89
87 88
99 73
2 28
71 71
34 35
43 45
63 62
32 32
83 83
88 88
74 75
78 78
33 37
59 59
36 34
48 48
12 12
43 47
91 87
56 56
88 88
72 69
26 25
75 75
14 16
32 32
60 61
65 66
68 67
61 62
16 18
48 48
20 25
55 55
40 38
33 33
96 89
71 71
84 90
70 70
40 43
52 52
78 72
51 47
59 58
2 18
86 84
51 48
69 69
46 46
18 21
54 54
18 21
3 8
7 7
68 68
1 42
60 60
69 69
72 71
74 73
20 25
63 63
77 76
69 69
42 43
20 25
10 11
32 31
76 76
96 77
59 58
98 94
33 36
70 70
85 86
38 38
52 52
32 31
54 55
67 67
7 13
8 19
18 20
41 41
31 31
28 28
58 58
32 31
97 95
20 19
51 45
19 19
70 69
19 19
87 88
42 43
38 41
14 13
36 34
1 21
67 66
10 10
78 70
63 61
20 22
93 93
1 58
21 21
38 41
91 92
36 35
76 70
48 48
46 48
25 25
55 55
99 85
78 76
27 27
27 27
81 79
61 62
38 37
51 46
75 74
97 95
6 6
84 90
12 12
85 86
5 25
51 45
33 35
67 67
37 37
83 82
13 13
90 90
62 61
99 87
71 71
59 58
78 72
87 89
14 14
87 81
22 23
19 19
2 77
44 45
98 81
12 12
84 87
33 35
43 48
100 97
32 31
44 44
16 16
66 66
21 20
77 77
60 60
46 47
86 86
77 76
100 98
99 72
88 88
92 82
28 28
21 20
81 79
69 69
31 31
58 58
88 87
52 52
44 48
15 17
86 82
11 11
3 10
72 70
60 61
95 88
93 88
94 64
63 63
30 30
4 7
87 81
81 80
3 4
56 56
93 90
72 72
43 47
33 37
37 37
99 83
3 7
2 1
17 17
31 31
72 70
8 22
16 20
29 29
73 70
92 87
48 48
41 40
83 82
47 47
45 45
27 27
81 81
32 31
34 34
90 91
84 84
64 64
6 20
87 88
91 90
84 87
30 30
11 11
99 81
27 27
84 89
33 34
8 6
65 65
84 86
69 69
80 80
96 93
95 96
41 40
68 67
3 15
48 48
67 67
51 45
49 46
100 100
59 58
33 36
84 83
14 14
95 88
8 12
86 85
87 85
44 47
59 58
11 11
90 89
20 23
95 95
25 25
74 71
34 35
20 19
62 62
30 30
40 37
36 36
9 10
41 42
52 52
63 61
81 80
98 92
84 84
88 92
43 46
29 31
95 83
49 46
7 12
38 37
73 73
8 16
100 96
17 19
40 37
83 82
77 77
32 32
48 48
7 9
15 14
38 41
56 57
54 54
73 67
21 22
62 61
100 99
79 80
45 46
53 53
10 10
63 62
67 67
60 59
40 42
100 96
18 17
23 23
60 61
30 30
50 46
85 84
11 11
61 62
8 18
63 61
66 66
17 19
3 7
42 44
53 53
17 19
80 80
40 39
47 49
76 74
1 44
89 85
83 83
50 46
89 86
17 16
70 68
86 82
12 13
79 80
80 80
52 52
59 58
71 71
69 69
61 61
9 9
53 53
45 47
57 57
43 48
18 17
59 58
42 43
91 89
21 24
92 90
58 58
53 53
46 47
68 67
44 43
57 57
10 11
86 85
81 79
32 31
66 67
72 72
12 12
22 22
97 81
85 84
13 13
99 92
93 88
87 87
43 44
39 37
45 46
62 62
40 40
95 93
73 68
51 49
28 28
85 84
77 76
23 23
23 24
57 57
22 23
31 31
20 22
52 52
54 54
67 67
79 80
85 88
82 82
35 36
32 31
15 14
31 31
100 99
89 83
40 43
49 47
22 25
36 36
35 35
11 11
25 25
50 50
36 34
54 53
17 16
5 10
2 26
82 83
28 28
45 46
84 85
19 19
34 35
100 98
64 65
38 38
38 39
67 67
90 90
86 85
44 42
94 85
45 47
64 63
15 14
96 85
83 83
75 74
43 46
73 67
84 89
92 93
8 18
3 4
5 10
8 14
38 37
56 57
14 15
65 66
37 37
47 48
20 24
49 46
48 48
40 38
20 25
59 58
9 11
83 82
72 72
95 92
92 87
25 24
89 84
88 90
39 42
30 30
77 76
84 90
51 49
38 37
21 23
69 69
90 90
97 79
18 19
79 79
3 15
63 62
5 16
82 83
99 96
42 45
86 85
36 34
28 28
51 51
67 67
20 23
95 73
20 19
1 49
12 12
25 25
44 44
84 87
66 66
45 47
39 42
72 69
97 85
76 73
47 46
76 73
88 88
40 43
23 24
19 19
56 56
30 31
65 66
88 91
95 69
6 20
19 19
68 68
79 80
80 80
5 21
27 27
99 87
46 49
19 19
27 27
54 54
77 77
49 46
74 75
91 88
27 27
29 31
62 62
43 46
17 16
46 47
10 10
34 35
46 46
38 40
72 71
15 16
7 13
18 20
9 10
78 68
60 59
4 12
87 83
12 12
37 37
21 20
49 46
95 95
54 55
57 57
29 30
94 76
41 41
99 87
96 82
87 82
82 83
64 63
94 88
4 3
69 69
17 18
61 62
25 24
38 38
70 69
56 57
14 15
17 19
96 92
60 61
91 92
60 61
65 66
47 47
1 12
88 91
95 94
10 10
81 80
46 47
53 53
91 92
92 83
42 46
25 24
50 49
71 71
79 80
69 69
78 74
36 34
71 71
83 83
9 10
99 73
26 27
40 37
94 61
46 49
19 19
61 61
56 57
48 48
62 61
36 36
95 81
81 79
11 11
64 66
71 71
29 30
90 92
37 37
69 69
96 81
100 95
19 19
87 83
45 45
75 75
84 82
30 31
14 15
100 98
11 11
2 87
72 70
5 12
45 46
13 13
44 48
4 21
36 35
2 19
49 47
43 44
84 88
51 48
83 83
67 66
41 42
29 30
90 89
89 83
65 66
84 90
70 70
40 37
47 49
58 58
97 90
23 24
32 31
59 58
24 24
67 67
8 17
79 79
44 45
4 15
97 84
5 5
65 65
89 90
77 76
96 96
87 84
34 34
4 12
78 68
90 90
3 7
16 18
74 73
11 11
7 13
65 65
4 18
94 66
39 37
10 10
48 48
65 66
15 16
88 92
69 69
68 68
26 25
43 45
10 10
93 92
79 80
75 75
51 51
84 83
41 40
41 42
53 53
60 60
76 70
21 24
93 88
33 33
24 24
70 68
27 27
51 45
39 37
2 67
35 36
73 68
98 87
19 19
60 61
85 84
97 85
41 42
32 32
66 68
77 77
62 61
77 77
70 69
63 62
8 8
5 8
34 34
88 87
91 90
79 79
78 73
71 71
81 79
51 46
76 72
21 22
51 45
75 75
20 20
46 47
32 31
51 49
73 73
78 69
38 37
54 55
85 88
9 11
22 25
76 76
8 22
69 69
52 52
70 69
56 56
77 76
17 18
91 91
95 70
45 46
5 17
72 70
3 8
1 58
40 39
46 46
24 24
82 80
78 71
65 66
79 79
8 22
86 84
80 80
64 63
25 24
8 17
34 34
95 90
23 24
46 48
17 16
3 15
16 19
4 3
58 58
85 85
29 30
41 40
39 43
28 28
85 88
64 63
74 71
61 61
34 35
47 46
25 24
14 13
47 47
77 77
66 66
45 45
23 23
22 24
38 38
62 62
63 61
7 9
7 13
61 61
22 26
68 68
79 79
10 11
20 22
42 46
18 19
54 53
28 28
93 89
51 45
58 58
6 7
3 9
77 77
21 22
64 67
67 66
37 37
90 91
67 67
9 10
39 42
75 75
100 98
31 31
13 13
89 89
87 82
28 28
92 93
20 23
10 11
55 55
71 71
52 52
59 58
81 81
57 57
12 12
19 19
11 11
73 69
44 42
81 79
26 26
84 85
97 70
55 55
34 34
15 16
98 87
31 31
39 40
82 82
6 11
79 80
16 20
90 90
19 19
66 68
11 11
2 12
28 28
5 14
91 90
89 87
42 48
5 11
28 28
25 26
58 58
34 34
67 66
77 77
67 66
65 65
5 7
85 83
30 30
86 84
2 5
73 69
6 9
7 7
85 84
7 12
40 43
17 17
37 37
27 27
89 84
30 31
46 47
97 94
50 47
48 48
88 89
61 62
53 53
75 75
34 34
95 79
43 46
67 66
35 36
67 66
93 90
62 62
100 99
54 53
5 14
90 93
55 55
19 19
60 60
23 23
67 66
8 22
83 83
34 35
4 18
88 87
43 43
79 79
69 69
68 67
79 79
38 38
95 96
64 66
87 85
97 70
3 3
51 45
81 79
100 95
6 16
75 75
96 88
69 69
90 92
92 92
12 12
97 93
23 24
57 57
85 83
19 19
90 93
57 57
100 100
62 61
41 42
54 54
68 67
6 15
98 89
57 57
96 81
34 34
45 47
81 81
9 9
22 26
64 66
45 45
41 42
98 80
67 66
61 62
3 8
48 48
100 95
22 25
27 27
69 69
16 17
77 76
5 10
45 47
93 89
92 82
46 49
7 12
61 61
21 22
7 10
88 92
99 62
90 91
69 69
39 43
14 14
51 47
4 11
85 85
48 48
68 67
6 16
83 82
80 80
32 31
77 76
93 89
74 74
10 11
21 22
22 22
47 49
76 69
67 66
80 80
17 19
87 86
73 72
14 16
76 70
66 68
87 82
2 22
41 42
77 77
23 24
45 47
69 69
55 55
62 61
33 36
28 28
72 71
93 90
36 35
58 58
33 35
26 27
28 28
59 59
21 20
3 14
20 21
52 52
82 82
78 69
64 67
41 41
89 88
60 60
85 83
4 7
82 80
23 24
16 19
5 5
100 98
91 90
14 13
15 17
92 83
35 36
34 35
32 31
