49 50
893508913 110880114 519216315 233703686 370689334 209550382 846701392 214278326 574671008 936333553 889270962 989214957 121514850 989248231 935422061 954621185 219371588 909664305 394002980 887357564 317441890 988670052 414068747 922390943 67181740 901347593 602287469 528977370 383612516 817020443 753396007 81469525 83003299 101430412 92357163 801006699 318863571 99958976 258387455 458482217 969793590 770179343 713114427 91883220 73141342 87104584 192884239 8454496 327965875 269122601
201731258 483571449 432443377 667480040 643537428 926138238 668172455 897273517 810971653 774034433 675811768 359911957 782327307 94576456 661126878 741452977 442045368 171601999 679854882 723473541 923371826 636973764 395943269 663851401 955122098 537058698 860076763 13801515 850385413 997981495 619696523 735514571 45480206 953758357 916445904 812053310 446521410 581335844 8347611 16497484 940090410 646193559 720649262 173401394 588958949 87041107 576768546 137832737 21197987 440404979
721022306 749994685 249589291 754905542 467186542 368799134 812811094 621852751 128792089 645010898 387235729 678710212 840829964 318238297 157641823 871640720 28415297 341882280 889704917 587344338 275127176 441798183 534407965 842635740 816353541 945829555 467510003 111963316 457518256 69066013 385837611 51853974 434654931 145402024 607469609 129816176 112700304 350891151 893284199 469899876 891668825 739168893 304253939 732593737 522944374 102338323 115876846 791115819 190081154 957165157
139980814 698886343 36571886 452291197 644803100 984611856 181091709 23953879 640815479 222572461 656643014 531569123 12729744 635265400 327847094 592429447 496359020 633009152 191773963 867979674 556097829 707998984 76819930 820585322 135106665 913072646 312069385 47739191 691631353 244157605 298097110 968374453 816013356 947090243 742927694 936531854 326152297 986313075 847599831 590890974 341708720 283891837 672470695 897009845 738587154 22451673 966495306 22387865 774825524 380160952
435411231 218915329 14502353 419646331 320425692 754648027 883663413 208193081 868178438 406765063 467569858 677847358 216070266 386147801 505226095 111818374 406264807 233105051 652844868 877489478 326729809 904311304 746167007 735582308 180302992 745164499 540049650 289171706 301768399 534977822 17493698 396941015 708506381 973867267 873242282 281450237 319497119 396836111 478539926 265553444 524559788 994309826 735799944 338683702 98771888 966876944 976165655 419053521 860394489 513566946
749361131 973756616 3142445 339701654 564794434 119183522 902534850 644322683 346802542 476275226 578980741 832102486 273526101 974869661 615808532 929876961 851363568 660381903 980050276 747314758 681389772 109205766 373203259 353453224 625405836 719713741 890192054 881989018 505076325 601655395 16266949 116565925 141425056 628417850 157086378 737632711 187469083 257048184 35569790 870552559 311455945 437108345 807780268 495912322 574707501 707220555 788198772 731661785 792456675 447691312
545698665 504432321 771024920 600753696 392982516 722244857 80507149 657850948 38233807 833444535 962621591 503356284 952563082 552351268 142420898 242483674 617400841 598270939 273319593 428263717 998816003 873556334 43272768 183856471 916280965 437681121 324531083 649059103 199712366 360751149 705025732 463175776 974517488 110242238 171803064 956802736 296426773 73678070 677762122 179021274 931896632 538011560 740937455 369094748 955071880 856476061 408515889 831486954 901405320 418102034
375346733 437626345 12851090 439139640 282088212 639433717 52813135 372908211 718917037 599291483 887982144 381488668 246061778 405700256 223404345 339264127 318236398 128098808 161359328 901985758 784914566 687984591 266776371 168476076 521285805 447504964 498209279 258668370 595943309 215990441 763348329 229118125 626803429 571910661 102715241 96321166 22964870 643669394 528554314 872179513 628210901 19962687 97416748 585936614 741829965 413234222 229941122 547975748 543082234 843648311
843502997 904382193 993219838 914403172 1387006 631820803 529213711 68242547 13529136 572685442 200548343 893913431 575037420 710482923 219085843 89453239 986106314 975177903 999698901 780512622 189188535 368345777 546078275 123373321 318712177 430291404 61926261 306832972 711374093 988188747 901281562 564728237 553891698 744764271 585134836 463020504 298419420 431045101 943974743 888635433 621463897 568711277 200008110 884238645 518449487 913613324 734400246 20653889 377665524 87425243
854664258 360117961 193618389 366783581 76500789 776314619 156644688 468286477 954613899 571284025 226309913 168626134 183691920 583233179 779451065 647468697 652194727 159251051 230397706 858990763 502882500 810722471 375291068 924525652 613473266 326078850 211620052 833618000 818586319 822365411 260124456 370156626 902223115 483777764 639921380 472155517 559083757 42439764 456060679 683053801 346008526 173959990 64692967 51693604 196280475 891332416 831790249 410751406 513882199 4286557
581738954 543487355 45411991 353546539 632516505 617483637 304075268 846928254 530971066 183199736 217310428 423654107 920736932 447285332 108156786 493312766 298872868 220238159 179125418 771949652 642999768 926551968 844739710 376139905 123606965 694961269 433700475 923978460 978396802 144262638 508904516 555949806 14183002 582432159 63326222 969714423 723969326 275205906 963696419 745638505 398374721 505207875 740843615 920859755 981685674 312039458 778648246 914881111 805736149 377054997
444687788 202710076 296901378 245402483 862773211 610607964 907212485 278609930 707678577 664785583 935076228 318677657 809065135 603896671 448242685 659288151 919065195 792491338 720187581 603709546 755189903 822568836 507077801 751608433 999262359 612811986 814947193 548177147 639748119 12922927 627881528 292855310 495229747 230869323 1828294 745446305 828117798 678939399 433293654 616751649 386425020 852830714 747368688 748431088 832107735 305210607 183444464 911816417 576360685 603166565
740155781 886335166 846414216 536335885 679118131 325240258 356682437 130056528 975232337 608441376 840906454 175667143 471709580 691146618 679600256 821562049 242260322 43222378 897088413 464293056 577871016 670256636 738597788 77987836 873542149 375000114 349048828 434476254 896826741 463664767 718590164 268117638 197664966 173262669 858408270 758648646 41984542 644609399 993059368 556549925 818821235 986067151 540020274 57504350 226169361 286008473 554641106 59874782 145244952 304368142
182076035 332667337 330942460 701348059 935604049 514398709 846356995 75794847 112154974 944502381 35553226 582042224 674323809 914664943 586393025 770781527 169848610 971728495 525232298 700264655 412205567 493495698 956085790 226888778 700869995 329369908 868619016 568112300 127542633 396743650 706422312 961445582 876888853 966816097 842228881 43738620 957766427 963973925 829389355 82565240 288875070 721977050 491824178 356038133 985526739 484740319 754884533 664015388 359199299 328655558
761757720 869370122 638270861 144887766 200555922 286741456 94257601 32618377 503860144 420528882 224728966 18988046 637617104 186508009 156416149 141418696 906492327 521447585 970538555 360286413 185404859 608915963 7858139 232543591 70804970 412598860 152617834 190645911 61026274 237894876 439260145 44833677 846242214 102685545 580041743 122530609 806308879 58187937 50253940 648474782 434804553 25871531 385019495 451046817 416006994 38573471 522508865 72502590 204213886 862211593
326187504 138672172 522581493 650158954 383439221 671458132 249003060 195325623 909210982 737604181 233949064 344043736 104384365 978362371 529887894 553244458 626943175 776841956 132612310 738464254 914591429 906276274 596510995 831297816 487330126 944593883 658384364 497506352 381562715 843419140 416629335 39480180 24362362 183327874 556344345 990148612 722388045 623728607 344216654 506607221 900896520 910565211 172664807 121786703 560986613 706952552 703476263 359294351 662018291 995847725
250708774 640629542 354694643 329266181 932363342 525561719 899019130 155589629 484873953 195400157 370816803 902503001 361853040 113348643 369101338 297446671 87804773 541360906 687593889 724872778 777367931 88916678 419755919 216478952 412078656 250930049 883833547 948011261 888577434 437780951 479567318 171108430 8867391 756443993 446677823 981964503 622011963 625582346 574524972 454062406 207743854 25330661 937443031 140740989 235555851 227878228 329365263 601051412 399177499 131189178
45040819 396372436 192743672 274510571 294644795 555455549 103001554 591393967 276199215 381260289 94522925 166366019 598676141 352552583 383983969 803740119 332695015 465810281 453651993 16317200 82588835 449910518 111213781 583796616 864295865 108639920 600358504 837993545 411177881 311160783 126778490 532880214 248102082 530532285 110311943 360630307 648921164 894669976 122323933 301313047 642176095 177893812 235186978 867768593 603414714 559078422 711438797 22509536 636043565 732809466
246896936 513230026 450595359 399087181 958890581 178994182 517883144 763664179 397819589 55996994 678890232 384881794 572976322 616706333 768424719 222034246 980572646 38662062 2230019 227577147 648100770 892759291 921258397 693035862 231218617 326976643 543287611 747492925 372334274 648289973 714474064 639479498 313928873 557932407 736540640 209376908 369536302 186779296 204790789 547904581 127354980 264430717 570081388 298069613 158580531 635198544 460571864 452177325 522324952 65811660
202075550 968799590 50073184 109102235 645590056 441114664 164994352 610338520 497603443 304489019 692234112 158100373 854754448 211232793 208084443 214817878 708566822 545587953 639052960 131863700 610066926 509430054 818442884 901276220 204258614 164762830 958963982 9442349 923652447 365177396 882071834 197720766 1061215 453569111 779302743 790318645 24769856 222486377 50225353 697253713 841245343 274400592 369584967 348825537 831491374 26996264 780964862 916411562 351540018 641283774
806220268 406528293 138583557 270883607 569900645 968262334 521345173 615878375 932280210 770079222 360381923 457988635 171238637 895405762 239127430 112075088 464788423 205607179 667905574 463685721 336104387 809364780 879836673 386887356 773976920 918788727 87518569 297700405 664674386 605847472 611974979 367824179 565677649 302111120 672488841 840803670 780905800 616613699 540672457 942747639 440522751 828095723 923648933 936437408 891925138 588992539 209290065 749254031 16108785 899116124
913678360 269621816 640761694 638207915 728659672 95163840 834338545 894443257 850133121 770924419 903801879 446954154 334260377 577285518 162211599 703619863 678472635 341479717 940938348 260356364 245170707 511519039 492805526 170565706 5223396 859854597 138486600 699204614 956482562 148785239 246708755 627555688 422235736 18125894 961950938 663860749 753776228 101734299 22648149 833512070 158728118 499354959 823623822 166183127 80898677 306181905 74160486 500540152 895309785 766046659
476962577 420882263 979560114 951883261 605691286 351978837 883315680 777113737 547830352 190040004 27133656 298653413 436315247 20031344 344968742 127723972 169764728 786633107 396719589 128767885 266229697 236616286 971372104 686685403 707274998 173378935 283864597 378088699 323792535 316712053 610450725 610824305 311666807 286471526 499347686 710674803 882553151 109705035 265581785 911933548 151802600 651130518 713782548 528726651 93422917 551807410 952556224 992340977 987743351 267281787
314622620 583032535 787746166 484067266 434688376 924885861 662445199 308635082 379394235 347660428 108877281 710524110 528052958 27414126 665456095 311597689 579632623 160763104 833232849 555217772 101488655 758245871 466683986 485542331 174051828 912288344 313739731 313213296 658011496 648151054 14653719 53189895 840033224 315726007 417016757 218875376 623164549 64203312 385028250 772650769 504088998 387677445 24191620 320880449 865083461 315839737 381483144 701134798 554002702 285702532
668535436 594626296 686634179 575528528 796312013 11717236 80190138 409640380 221479259 288918505 565085 748951897 531754136 272364918 661269161 913495663 895302589 12675627 863258800 562517113 815204438 888649867 665856023 479210404 878985664 441308944 165123224 695198037 986457010 905108647 383113089 837444256 375071921 985218864 213283892 554525905 456256666 37237759 89364645 397670887 978611996 877060702 654535647 423428372 154290747 556605449 382268543 242249023 868055759 720116656
377193271 639762306 860419331 193024888 844052301 317361579 746151126 86981498 119084313 733534911 260933277 92359747 404197002 741081971 353542015 625833811 333218 562359986 951300599 109005214 906281717 523628058 317154902 653014030 167066158 949534334 52727615 564119038 133035659 783362661 93688873 92953024 937291612 185587337 78579681 292772121 615679623 721968730 550997253 677895104 398596359 112471161 529699978 250292194 983553897 883168573 811138614 837573793 280065613 357958961
730803494 123156112 409691371 116577172 125687882 968351289 832314763 382179031 840464612 168008855 238564364 333261091 801200397 314922396 585087582 971016913 903601200 989274284 355563784 404147439 61673357 561146656 837080995 850982850 177840823 754052805 751440732 146179390 437488151 310388826 816472950 338674576 266147174 785854485 900015046 19467157 703864375 664904223 218576693 773241696 454911083 519118099 655439938 824118968 230062778 207278723 860534141 370215319 249657649 722657651
27355661 195619500 340252078 264466652 73612331 292691930 225544294 622048299 50590117 11821751 122767456 629049791 52371036 258279694 659369464 726664558 310203078 5725533 919280477 859620096 94308460 27947864 834589458 924486323 425629293 842951780 431051889 241518517 185474554 416380956 482431523 945352877 428899544 530832080 645167273 92921907 697840097 182916097 273814231 682590548 80104323 930248423 884309587 517711375 994067519 480054507 947792922 525176794 108687147 617350189
154348796 481765405 428579953 391231487 335916571 840284853 747319246 872927591 161973616 416808051 953652500 149595553 76702790 269978523 163722408 836573339 661757885 923563110 275295748 410700152 815944008 386209664 563625526 523845902 223476015 37779594 866452575 790300264 331213070 774672537 815749174 820119364 510482004 909545653 772353155 213114005 839954629 273930331 644727204 552754434 784896761 331455484 369437707 592884581 63942363 199627644 825531069 29154638 454413866 710242995
256094164 471830398 746048251 392908783 818801919 155898988 118539829 31925872 88664061 975012547 111650835 568523499 930574630 227647970 770029734 121344520 764515810 385358427 488260689 474521316 2788143 186733172 514705483 95602064 711680031 419134633 820061984 354698128 579218007 453290536 2631473 455120476 570592402 265092947 201725743 643293154 110908700 755058754 200182436 16443138 24694360 169102654 386958442 553312273 393394491 121473863 449212721 291673431 977452494 32420495
281662462 838408081 772672943 975525117 736941734 623233647 678016656 447179435 981818967 628307735 507771063 804409449 232106000 587836576 513990525 206093879 588097828 25659032 677125071 433715151 416270780 156448639 488118960 413488920 253906769 460420938 156700085 635331252 775122742 229846496 168781191 137628787 54722828 643931040 521982053 335791582 656766283 568972762 799975583 164112045 30596032 599018833 261062940 628848465 137709065 456156864 639970261 483290987 649161243 512512849
908704856 926500435 40422589 542079271 473121350 383638418 936844810 925055446 302709717 708959592 629583859 13587685 346576462 578811207 729840315 613202515 283538064 330412629 621939065 266376975 419393931 292167150 382650009 684747135 858015430 424526880 322556507 916648954 817633498 610499118 142632275 868330318 247217653 405719310 892692199 793411899 989452888 717081067 461723604 397154549 321122521 538724515 891028650 117675430 361262434 214248521 306776651 37328617 837725552 233385892
816969328 953673040 475929237 44685743 419108388 346997472 135937782 416526359 147211847 348982160 63382477 384942016 171002892 480564174 451072488 102734145 928413563 299001081 168259112 911276387 30014960 329809383 593854979 756485029 692908698 714924897 784941571 119877307 700666621 306558627 589903429 715531 354393456 911506397 763382011 908130606 821477280 38677172 747623146 928630901 353107211 137532097 343561197 548830562 426737542 501569553 455607664 894705194 388089784 662905763
680948981 921994042 491158940 540908013 579403923 963680175 904769795 612293976 829887346 469148124 958729232 956560063 807555664 469547464 50884538 540438516 40794111 554262957 339809357 653591099 150913508 593073275 192164841 755589325 857071226 421702226 968658690 271052631 226536397 80856843 921943774 34224248 957106688 815921328 833087002 266874950 752837575 492599296 417775910 83054282 781656301 139623660 627340996 743313535 119270608 793794333 982822541 577643223 704861920 850847851
129718124 40088758 480153892 856755047 115608096 776027381 956123828 733449682 860020671 417325792 614011456 83696932 529193518 900921529 122499207 323854598 798387369 483645491 143871713 63098328 594152001 757708023 902517686 188796716 317054041 383876386 805231365 169940553 772504361 339210181 180938974 374309545 95417403 633441124 191081960 637209723 912001777 191732856 430362076 840569633 227812093 39015917 900559367 505187251 773599974 381087652 600827340 98304379 55760010 35720434
8119584 169955959 387901847 766189344 601230605 770718683 387231248 363423721 251893295 775236236 228067022 712670206 879872314 255630757 775999996 747442053 892499314 553437430 413251482 825794710 562293041 399791488 539585020 482732477 571679332 298899450 896586312 419298939 138211599 546591055 570922747 732082117 620352453 689881886 454981733 3582595 604327472 690764345 64847656 987548690 672121743 910480166 720694973 478245571 304581939 972912289 284436975 744886362 360556289 370366488
520558429 1128591 161631731 858824238 456662012 403652496 361827479 380856120 573012372 327654525 129557902 888998851 357456702 644574187 623668750 583422220 732904428 572428898 726369889 858855302 298450657 1902815 475516516 837291352 549157941 457143635 141577225 101756124 38088018 108631841 170972117 761764130 416887674 592434084 990128482 29950058 522537022 254246567 646582750 440442030 64964104 280117483 187788939 666159126 493999250 680160420 375031613 747227009 762414445 943890428
867388127 567952131 284014204 219367823 743290350 790730849 46151798 557421806 968015100 639013783 92703079 168873244 143854382 978869074 12645167 199275284 841102015 911889783 270379521 338838593 888152443 257784218 637371622 466080515 105333573 448010120 523769912 983858481 433637009 770182589 120361511 894475410 212784362 142210030 326430519 287932771 28240749 557757313 469506240 197666516 447770444 606438928 973855085 113333131 704165453 717856234 277143998 588521503 864231753 407114386
216946822 22427550 637054637 299530046 60992877 283714567 822879484 745220441 477788526 329623249 926033226 56545537 567531866 706985315 549840323 457098634 922160212 674591641 755200546 663692793 167271508 107598918 912852026 375942025 354729636 934187948 802884721 744167466 950628966 702621701 940677184 508586749 549478667 205856766 363588276 670463705 413996253 127770935 596957936 938688201 433801078 990585540 780191913 237399692 116645447 477522351 862622888 725869332 85016338 32811891
889961292 725619975 744311409 231728258 326264069 23464769 158424141 13130433 702603482 979628368 835072615 296977415 532414692 608514039 104546514 989890209 13298897 344407979 134208630 423529937 113301602 696546073 833846159 748489802 464541677 117820830 229007917 697882294 619871963 774415821 973559986 236140080 111033899 124228589 857107543 49983178 886635758 776864377 285445542 399414281 478077641 406683294 436290817 347738468 222163062 739316416 625300762 674038984 229819459 66132725
601045881 770441495 993698449 902154120 830172922 838360740 808961110 833149304 209107532 454995384 339160988 624658678 188264563 205443857 708149247 482854891 220952390 876367454 792518963 917546095 850689521 204503236 226951036 200701267 589489013 665075036 72820789 401517720 605639971 726149042 518965322 447576566 313403173 675081288 479702205 137382230 191235829 254414609 7147300 422240600 195171812 544507894 769343529 822745550 496821141 38033748 323484169 773494335 209821311 454976636
990735638 517289573 656641134 904216626 260277813 614629039 731982594 60233007 622646113 810739392 421815854 402794655 622824486 774239214 850018490 749018276 655063078 975479236 632549570 269597393 372218776 33446016 8131638 825991343 25066436 32979862 712818520 585126971 370187656 225488427 942512448 987787366 70836694 394108314 179688539 974118804 943850547 780178419 667942120 353808414 934663994 35621495 862053242 71691984 328014103 761246749 638803833 549337451 64048141 633680401
963424160 475148580 566267633 952230447 319034496 660111139 994274732 996625804 950111996 690042117 894730172 552660718 432670411 416124763 835086515 794849103 708573434 121755689 527477943 928116830 372302439 728697192 346586881 54403325 542578247 872762756 909679710 250671044 1561760 933781982 388239281 246494589 412681936 601131851 179105903 467883942 817076740 59865747 392890657 174657778 917594050 626463987 249726949 356422088 431792224 519248027 785869038 66628290 460865930 347172657
462655744 80381744 699155648 556994125 795607029 87776659 772875733 606381563 390487354 230929954 783230321 462590780 541196370 823823176 344858000 471645828 772810578 595628067 336346626 437785661 226545507 931623687 538439401 826537795 45159236 657530873 911875901 424507751 766468550 248433973 296286539 959130605 930851918 618678185 400793394 464000525 87455574 666010487 596916069 943703925 739363563 381351031 587012908 614441669 989416752 403123890 396391202 218231825 72111835 633297128
530325432 225983843 966382003 589966091 752850865 103113527 137872152 729732802 879806628 506480382 154127483 517503975 668374910 791392155 761656289 722296073 97928445 729994729 22631012 596040683 866901557 514364722 350139570 714644995 398485263 900853177 711431052 513111292 111990469 727109426 777235528 778890548 167068264 4800325 670629712 432510015 919777626 225084430 222438561 401943906 729844180 447277216 359502925 817079321 856950113 584701309 616390393 387443345 806712161 523564831
189115488 919521838 166382472 58060403 110130126 366728711 325419612 929371993 350324901 926399333 720468410 872166181 764835547 937032264 844375377 967084321 843732858 806492130 114079525 652125449 840238880 300449561 411722254 680424333 555432061 806238473 50827830 876469970 110227159 533944704 419056543 873731826 333862536 229111169 78048411 87118967 650087807 501027266 737398354 982267108 256300475 472396077 51011903 16420140 556160980 791777634 240671155 96546873 639885170 357751092
962411601 461351270 860364755 397233960 385739920 217075461 942292553 103811577 910511933 883820251 411891386 390338326 970835702 434471071 251916831 731074338 41454255 96828030 795733765 166080628 940248113 769686938 469873167 150303637 788990102 41039494 452598385 162337220 844351183 753166284 121678967 757830005 415843870 717178471 188593660 697508557 238583964 38058569 455060723 518118952 389083060 63039702 705048546 644876436 436757158 344749927 920793186 903851091 327350533 583843273
79540640 150137693 735375673 143033531 15098591 452113371 262951166 105621108 513939444 381395117 814177764 550548250 808315337 914065894 515836877 617635659 638776026 26656586 863478641 41212056 679477691 520462551 31555293 97177605 368283024 170778425 778023919 263915659 725233811 428374612 833650908 301705623 536938641 280460734 374993579 568215432 346174317 500593985 859830200 897749556 3953564 221185374 35226674 956394339 294610600 972077509 507017884 588840275 856943022 543917535
863000144 144489267 569651679 809614660 305865207 316301224 621494018 618929221 782394898 417627466 623219696 736676963 985334645 149088552 596531479 16090837 636075462 550079808 646692088 412069639 976752130 104333576 823910058 526107413 913005305 35182056 447886932 139890260 172621773 356880829 841374134 933371850 877463159 620765528 243100833 595783345 991100482 84613373 720936826 385379064 267615310 977032421 868777916 88938946 245990926 200256956 643093619 662799332 875616714 989060899
