25 232
8 7
9 8
19 19
16 15
13 13
12 11
3 7
4 8
12 12
23 22
24 19
24 24
24 20
6 8
1 7
22 22
13 13
11 11
8 7
23 23
24 19
3 7
23 23
14 14
14 14
13 13
25 21
6 6
12 11
1 6
19 20
19 20
21 21
25 20
14 14
21 21
18 17
6 8
9 8
16 15
1 6
2 3
16 16
17 17
25 18
10 11
20 20
3 3
19 19
1 1
12 11
17 17
13 13
3 3
21 21
10 9
2 2
17 17
8 7
6 8
10 9
15 15
6 8
2 3
10 11
18 17
11 11
15 16
14 14
24 20
15 16
4 5
5 6
9 9
24 24
20 20
3 6
19 20
10 11
14 14
1 7
20 20
24 24
13 13
20 20
3 6
24 20
13 13
6 8
22 22
24 24
23 23
20 20
2 2
20 20
6 6
5 6
24 21
21 21
15 15
17 17
4 5
24 24
4 8
10 11
7 7
16 15
2 3
8 8
23 22
23 23
13 13
19 20
12 12
24 22
9 9
25 19
8 7
12 11
9 9
4 5
14 14
24 23
16 15
3 5
11 11
10 9
13 13
25 18
5 6
6 6
17 17
25 18
17 17
14 14
4 5
12 11
5 6
25 19
24 24
22 22
4 6
4 5
3 4
20 20
16 15
22 22
8 8
11 11
23 23
23 21
4 4
21 21
13 13
21 21
17 17
19 19
19 20
23 21
16 15
2 2
9 9
4 7
18 17
12 11
18 17
4 7
10 9
9 8
21 21
21 21
15 16
18 17
16 16
19 20
12 11
17 17
25 22
24 23
22 22
7 7
17 17
2 3
11 11
6 6
12 12
24 19
24 21
24 21
22 22
16 16
16 15
19 19
12 11
18 17
7 7
14 14
19 20
17 17
15 15
24 19
14 14
8 8
15 16
15 15
19 20
5 5
13 13
3 6
5 6
22 22
5 5
25 19
16 15
9 8
11 11
20 20
25 25
24 21
17 17
16 16
2 2
14 14
8 7
11 11
3 7
14 14
4 4
4 8
9 8
17 17
16 16
