100 100
1 17458717
2 700534562
3 805710340
4 555917519
5 387675434
6 357337404
7 89225873
8 154038902
9 280703024
10 293433310
11 382418114
12 532024848
13 744398220
14 778953227
15 317076025
16 251502176
17 465033588
18 170637856
19 857120562
20 329144583
21 118605122
22 59565925
23 67317530
24 215028741
25 736678944
26 604357499
27 187932098
28 301142604
29 190858933
30 606501987
31 45861464
32 416309077
33 339175419
34 266073530
35 180611935
36 587623866
37 451921012
38 318849055
39 65614820
40 56371833
41 925617526
42 196760911
43 239354885
44 548391708
45 490127129
46 771567266
47 621384278
48 868044984
49 275518874
50 67026945
51 184029812
52 636095548
53 341668112
54 444859238
55 60395101
56 361164703
57 428908219
58 518311956
59 392578862
60 417401597
61 163088437
62 814100789
63 703649684
64 570907236
65 958228888
66 101603592
67 909125066
68 819709347
69 274814052
70 868951883
71 920185619
72 184660987
73 932920388
74 631523173
75 937468581
76 261184807
77 780601014
78 194925396
79 711823399
80 859276397
81 251644735
82 793817681
83 523993199
84 777454126
85 190694023
86 2423791
87 690420012
88 244595086
89 201414048
90 921150177
91 613742055
92 469278247
93 891785390
94 193776645
95 595652630
96 743637856
97 890485914
98 156814311
99 135270313
100 253364876
2 10 10
2 8 10
2 9 10
2 1 10
2 5 10
2 2 10
2 2 10
2 6 10
2 4 10
2 10 10
2 2 10
2 2 10
2 9 10
2 8 10
2 4 10
2 4 10
2 3 10
2 2 10
2 10 10
2 4 10
2 2 10
2 5 10
2 2 10
2 3 10
2 2 10
2 9 10
2 8 10
2 8 10
2 10 10
2 2 10
2 5 10
2 9 10
2 5 10
2 3 10
2 9 10
2 6 10
2 2 10
2 10 10
2 2 10
2 4 10
2 7 10
2 1 10
2 3 10
2 2 10
2 9 10
2 9 10
2 5 10
2 8 10
2 1 10
2 4 10
2 13 6
2 25 0
2 46 1
1 48 32 649347351
2 37 7
1 25 84 472554772
2 49 4
2 66 6
1 64 17 65046098
1 44 26 394702301
1 10 35 856647556
2 15 7
2 54 0
1 3 80 478561739
1 78 41 669177872
2 26 2
2 62 2
1 75 80 408922049
1 41 15 707421559
2 17 7
1 75 17 925642155
1 87 58 11840369
2 44 9
1 70 2 401842822
1 94 14 393013217
2 50 0
2 75 2
1 95 28 517729369
1 22 26 293361946
1 93 22 8681129
1 20 28 821593223
2 6 5
2 27 0
1 11 68 822768997
2 76 0
1 92 98 368841149
2 4 0
1 80 96 930514726
1 72 50 65539003
2 20 0
1 62 94 385109207
1 3 73 525147248
2 3 10
1 78 28 438380361
2 87 0
2 16 6
1 83 56 828460459
2 78 3
2 70 1
2 87 7
