100 100
1 815885117
2 371062481
3 659573596
4 388410342
5 828445197
6 126491793
7 948719151
8 828548757
9 102654675
10 354168695
11 78186680
12 822710377
13 205063452
14 47376247
15 699785651
16 359265649
17 206344192
18 427736012
19 130206535
20 164796949
21 438674281
22 523647649
23 15421321
24 979060963
25 26858874
26 511605407
27 2325458
28 758114638
29 484963899
30 307203198
31 664101932
32 295985909
33 834166022
34 259399837
35 850397535
36 375333065
37 717201662
38 684609265
39 422410959
40 488521315
41 233596481
42 846488734
43 882018248
44 513358146
45 124369142
46 997153720
47 452859585
48 463660429
49 228390440
50 529910332
51 420735015
52 682129069
53 319691178
54 785415510
55 681796337
56 11900464
57 22509292
58 732575141
59 382992147
60 844488768
61 767739757
62 951514675
63 769340312
64 378408028
65 994745590
66 49088149
67 86270633
68 720450143
69 953069574
70 828844434
71 372837072
72 283843416
73 445142357
74 953669597
75 738575599
76 887769865
77 886539658
78 723500667
79 316353846
80 780748425
81 597439595
82 838686036
83 120432094
84 409378618
85 154635461
86 672051765
87 67860328
88 579043206
89 864593260
90 687648667
91 965233697
92 982360518
93 967801182
94 983775502
95 934184156
96 30449716
97 85538440
98 748740888
99 363649376
100 474494594
2 10 10
2 10 10
2 10 10
2 2 10
2 9 10
2 3 10
2 3 10
2 4 10
2 2 10
2 1 10
2 2 10
2 9 10
2 3 10
2 8 10
2 4 10
2 9 10
2 5 10
2 6 10
2 8 10
2 9 10
2 9 10
2 2 10
2 10 10
2 2 10
2 6 10
2 7 10
2 7 10
2 3 10
2 8 10
2 2 10
2 4 10
2 7 10
2 5 10
2 2 10
2 9 10
2 5 10
2 8 10
2 3 10
2 7 10
2 2 10
2 5 10
2 5 10
2 10 10
2 9 10
2 3 10
2 6 10
2 9 10
2 9 10
2 10 10
2 1 10
2 46 4
2 57 2
1 43 17 358159124
2 44 4
1 8 12 146585091
1 58 45 619760083
1 92 4 470850934
1 72 78 140484690
1 51 45 587795837
1 4 84 305412519
2 33 6
1 98 37 234450901
2 57 7
2 70 4
1 16 49 213829810
1 65 41 918526743
1 69 69 79839396
2 35 5
2 92 3
1 31 44 232788931
1 60 2 352217289
2 41 5
1 90 72 752948921
2 84 10
2 11 9
2 47 3
2 62 8
2 75 3
1 98 97 381650218
2 60 2
1 18 92 22773069
1 28 60 986606262
1 85 37 255746140
2 83 10
2 59 6
1 80 10 579840338
1 83 31 346686180
2 62 9
1 82 92 770095188
1 82 72 51976640
1 3 26 647940610
2 77 10
1 89 54 328218311
2 36 2
1 32 24 682911925
2 1 8
1 62 67 973122224
2 1 2
2 31 7
1 38 94 859203130
