1000 1000
1 750777186
2 565969260
3 125442373
4 169727954
5 308513065
6 136696251
7 991088046
8 886287620
9 731255625
10 730897004
11 977620689
12 433760302
13 661589659
14 477466321
15 605893765
16 972030106
17 711736098
18 996817114
19 529627026
20 646305637
21 757748813
22 573734861
23 126777269
24 790123293
25 232523621
26 168279932
27 825645918
28 462013141
29 425385082
30 289500546
31 302906326
32 193336333
33 710898413
34 515398566
35 716759623
36 625244386
37 607160541
38 118062192
39 797398360
40 930828623
41 45356165
42 430645310
43 761592492
44 647511359
45 164347651
46 531640409
47 776763939
48 28809769
49 300719666
50 717650492
51 733639062
52 649037437
53 921811327
54 396995594
55 600074457
56 91117791
57 362394984
58 784769731
59 346894084
60 756875335
61 292096816
62 449165709
63 442448206
64 97260935
65 329262565
66 105685693
67 458891862
68 548172853
69 723436854
70 72881775
71 363960510
72 850531701
73 919080607
74 863872734
75 817284110
76 128834802
77 666369867
78 246755706
79 463174166
80 552184211
81 180569278
82 47169497
83 213221661
84 41353871
85 710123488
86 761537347
87 278203511
88 379313034
89 651676230
90 605421667
91 688497284
92 114276436
93 893936414
94 527182440
95 793802122
96 811178332
97 171878675
98 178743243
99 747947407
100 253455270
101 306382203
102 626198582
103 295281792
104 743840599
105 424470066
106 427682515
107 724826724
108 303863491
109 183948388
110 963071707
111 153568723
112 567894911
113 372235858
114 243394567
115 68199517
116 987437410
117 105111694
118 969628301
119 328672586
120 78122022
121 669882676
122 663982453
123 903053138
124 326015905
125 531006294
126 619120186
127 404956590
128 260785105
129 446237031
130 754570776
131 287686209
132 462260570
133 955491423
134 704870122
135 538546483
136 26190468
137 889799516
138 53481085
139 987761151
140 911274847
141 378170421
142 523540199
143 624183502
144 279014148
145 854855169
146 786748753
147 6260433
148 326380494
149 761663510
150 71661013
151 761869613
152 560064054
153 719652819
154 699098739
155 876600214
156 768098191
157 508197127
158 415323100
159 565909778
160 630073012
161 933442686
162 104974460
163 82347331
164 354776908
165 650746769
166 553902641
167 961904321
168 777927519
169 99865567
170 203515040
171 682471285
172 737038415
173 692358683
174 336096074
175 844446319
176 156879684
177 949668337
178 657667585
179 329522861
180 785255959
181 516059172
182 883985915
183 97004726
184 893783898
185 571083474
186 314519461
187 704458801
188 813723835
189 332375743
190 946398295
191 295682362
192 633592609
193 923328621
194 651977067
195 137523067
196 598767909
197 866160693
198 701805872
199 623755531
200 966420091
201 294514343
202 951798164
203 521250499
204 282980983
205 691611556
206 352814784
207 925607449
208 527305524
209 1295563
210 835718305
211 174803033
212 919991167
213 355301080
214 600193446
215 907778866
216 132169344
217 96496748
218 450875357
219 597128485
220 770436386
221 317338252
222 821572482
223 136469247
224 779026534
225 812271089
226 203086507
227 407205609
228 623066862
229 779914104
230 182454072
231 511734719
232 875314560
233 277377209
234 763638080
235 290644026
236 319160625
237 710664715
238 81684425
239 664831320
240 232221252
241 940738669
242 946098079
243 773057828
244 184301445
245 691143545
246 968393601
247 66515095
248 402932201
249 91367736
250 200519494
251 676689038
252 492740054
253 466776628
254 538636624
255 498012065
256 185151751
257 373901730
258 179731538
259 387276445
260 925259165
261 399513042
262 261216810
263 746075673
264 368521676
265 708662183
266 457424635
267 778222484
268 684356141
269 542300366
270 987687065
271 917749047
272 995904177
273 892620243
274 187824405
275 29288028
276 657625341
277 270924296
278 301524973
279 687034807
280 104020353
281 684894405
282 327007618
283 557714764
284 612096673
285 282855371
286 207266531
287 254555863
288 47438593
289 764959356
290 409614119
291 147121717
292 345581392
293 762023918
294 198725452
295 162117190
296 70486846
297 804029975
298 837512911
299 680028820
300 521064505
301 460142548
302 792610374
303 920488567
304 367120289
305 765992667
306 239808115
307 879389699
308 270521357
309 38668735
310 68265902
311 775431485
312 687901670
313 344121366
314 253792780
315 646555535
316 626468640
317 477939604
318 369155605
319 788075252
320 293464987
321 164996106
322 580228757
323 545370523
324 974518673
325 858060707
326 744688145
327 246936527
328 486256346
329 835708549
330 340212534
331 83623839
332 173162949
333 364056799
334 720173987
335 795332602
336 212669516
337 493125322
338 333716418
339 288700916
340 332431378
341 840623506
342 912718349
343 945410464
344 797828343
345 205092088
346 36279279
347 617507707
348 459554059
349 375649070
350 971023364
351 59873740
352 513204766
353 28709746
354 187042413
355 327007930
356 938537621
357 724953219
358 198315772
359 616357170
360 32259476
361 523812583
362 695459497
363 640475850
364 111717115
365 295144095
366 839662861
367 194666386
368 612427752
369 240436907
370 866929630
371 135093228
372 847925017
373 134327878
374 137580915
375 883404962
376 601767669
377 241216141
378 964503020
379 297390826
380 118043517
381 646854327
382 839198869
383 857725604
384 30024903
385 185777324
386 855663399
387 268035051
388 207477889
389 290600778
390 957680139
391 205636590
392 882677369
393 66316348
394 780346222
395 141984702
396 365973247
397 80722771
398 572291125
399 518652475
400 620396104
401 349145935
402 569606898
403 679688364
404 489892782
405 815102750
406 535697571
407 456627984
408 992830652
409 901033946
410 141400332
411 239822885
412 972837379
413 956474832
414 615131321
415 707292385
416 801167483
417 465634593
418 474357771
419 226238323
420 331718546
421 705341608
422 932829221
423 678416875
424 17708885
425 481468962
426 722815115
427 532364418
428 647652218
429 764912205
430 282884913
431 435016338
432 326096445
433 317479411
434 583473124
435 113133070
436 467022915
437 650166846
438 765612717
439 323915462
440 445861722
441 538158334
442 701994693
443 252615239
444 940637643
445 433522580
446 873780265
447 59664896
448 423197234
449 444452756
450 702879980
451 640797494
452 752318022
453 718538819
454 281428841
455 475883849
456 135194975
457 394854816
458 864729314
459 571449655
460 935613847
461 41694514
462 894726714
463 601097310
464 251076532
465 645565722
466 253168774
467 838288233
468 9098410
469 886717543
470 93093747
471 849454188
472 173733585
473 258808600
474 258405039
475 796282667
476 485934981
477 559786956
478 542035230
479 545107368
480 832928977
481 671051438
482 502935635
483 957832413
484 870230828
485 328413657
486 694339794
487 499273934
488 520589108
489 676936285
490 842863427
491 127914529
492 120127790
493 129498711
494 998193971
495 518110160
496 803382988
497 119514828
498 129005237
499 692170432
500 750132224
501 934456382
502 403480596
503 48424202
504 551737191
505 867168967
506 919691985
507 63641548
508 378278273
509 49994352
510 290797991
511 54798028
512 713174712
513 855045320
514 463107746
515 600935762
516 908439233
517 699300241
518 372938830
519 331496100
520 387987802
521 616478570
522 123973270
523 496477152
524 439130480
525 25206592
526 520650628
527 954887387
528 229041108
529 108577553
530 427153424
531 721454827
532 899472736
533 973755551
534 656963050
535 309581287
536 4800992
537 994797616
538 263002137
539 788750999
540 401313055
541 438321654
542 50419711
543 424432935
544 331717636
545 120664075
546 462010030
547 503728814
548 948901733
549 291470266
550 190043739
551 22210740
552 544120517
553 542552295
554 583863003
555 884345880
556 97021616
557 9696896
558 650866149
559 636433751
560 507361671
561 831517078
562 167001357
563 5844115
564 893109907
565 332848276
566 1456896
567 727181416
568 286879053
569 693144575
570 528251517
571 668604599
572 671152952
573 661053951
574 926770794
575 578840055
576 240431824
577 791313325
578 688002133
579 315802927
580 614889240
581 772219261
582 488487374
583 585685318
584 445057555
585 835841508
586 507911330
587 911133123
588 896333297
589 840630204
590 151574762
591 127472582
592 634458633
593 834320887
594 193310928
595 808584826
596 477557754
597 641737736
598 943040665
599 972972481
600 292474997
601 360413467
602 454601882
603 502755634
604 957525314
605 255323034
606 138874361
607 799825359
608 598339107
609 325188316
610 283627549
611 292327040
612 519146798
613 932751645
614 622630267
615 776699834
616 857943778
617 536455879
618 457083028
619 489386747
620 339161907
621 914586406
622 881338877
623 518820070
624 262424917
625 402458890
626 613374542
627 108973805
628 529566857
629 176200914
630 613746421
631 320844665
632 239435057
633 355931187
634 270966074
635 448836724
636 895870694
637 908518574
638 339297998
639 849445185
640 648458080
641 983927811
642 770499177
643 805310180
644 735467677
645 170602405
646 30362299
647 888313516
648 476372720
649 600901870
650 179205169
651 672510210
652 476525057
653 105152019
654 33793120
655 281347319
656 129427296
657 580360675
658 795935935
659 137826251
660 623872357
661 979163980
662 785437956
663 766942592
664 726643476
665 861607378
666 777837219
667 194587421
668 764653682
669 981183196
670 922234338
671 278379318
672 294287024
673 361413899
674 68047440
675 533418402
676 334924084
677 284313075
678 471632776
679 127343682
680 334269355
681 973319886
682 396184140
683 467752290
684 759165528
685 403220146
686 408357687
687 423349250
688 140439127
689 449314019
690 659015544
691 867000213
692 587399084
693 156546133
694 101777535
695 634548003
696 917396845
697 684144996
698 479427899
699 320118565
700 898848621
701 427814808
702 843854029
703 452474479
704 799713526
705 322532046
706 373438206
707 893895212
708 316537159
709 315579436
710 621796817
711 97438268
712 702210035
713 710654483
714 969316015
715 19663481
716 380882308
717 840902369
718 314352971
719 730161423
720 281025229
721 999315855
722 213835312
723 154578127
724 275049167
725 403733270
726 468594562
727 993796856
728 551777884
729 63254470
730 54467068
731 159944608
732 207823126
733 933766712
734 672983421
735 398214823
736 708487015
737 481048189
738 307823321
739 133000319
740 246205405
741 581941843
742 358199110
743 944187373
744 995121881
745 916610718
746 158639952
747 557650745
748 81248121
749 805099035
750 933785911
751 376124372
752 793776471
753 662894792
754 144381562
755 206230369
756 101485040
757 351797446
758 466350378
759 278026577
760 698260787
761 496734239
762 59990330
763 755036965
764 484662401
765 112838683
766 647759390
767 459796431
768 361026114
769 453865480
770 321249382
771 48302870
772 72655491
773 312646610
774 401176875
775 860140738
776 328980951
777 275382234
778 954048465
779 41638556
780 86193289
781 713942822
782 318981563
783 784771643
784 470487972
785 924511517
786 321305620
787 652424231
788 112731424
789 291525048
790 78719597
791 593480426
792 792679860
793 534064256
794 358676492
795 369721174
796 580095522
797 807830094
798 427313243
799 855543914
800 784794911
801 340977287
802 834112298
803 676478787
804 97018752
805 708974700
806 95298055
807 310478942
808 342668788
809 789080814
810 34280488
811 492029058
812 119186346
813 908262737
814 599303302
815 220621272
816 686444319
817 129680355
818 463801395
819 583012135
820 247718860
821 760967752
822 40471594
823 4965721
824 354439090
825 604661796
826 656582115
827 865205272
828 556913410
829 475872600
830 357868520
831 123044406
832 740791931
833 854794687
834 69089318
835 719130721
836 107551835
837 45746082
838 720902410
839 377762621
840 47919928
841 386386252
842 361876360
843 377786346
844 368572367
845 255402361
846 815463176
847 927417064
848 426422829
849 896505674
850 929520337
851 347126161
852 566119350
853 463918842
854 191217565
855 153894761
856 561457630
857 194956104
858 452843905
859 737820572
860 936167536
861 990904604
862 103639978
863 135766666
864 426426132
865 349398742
866 354953953
867 476568441
868 50773266
869 250994731
870 329459523
871 106820772
872 313364665
873 121704824
874 516362876
875 101734313
876 486972095
877 766029586
878 593494919
879 831420042
880 152609635
881 762447069
882 246091221
883 198517381
884 206729300
885 749053946
886 468181387
887 513375978
888 727910845
889 669606812
890 841121049
891 196918560
892 52091987
893 851151219
894 415963379
895 101708091
896 105736691
897 835309979
898 822314240
899 332354855
900 594840417
901 240504552
902 528887487
903 923396171
904 273048055
905 549754199
906 699691114
907 682645432
908 355173108
909 288644468
910 505696611
911 527810224
912 729623463
913 231425883
914 386362290
915 971824046
916 124784176
917 101569850
918 778100736
919 684751416
920 947912615
921 564321573
922 173786922
923 557503782
924 889805719
925 779514598
926 69890065
927 187204473
928 695258038
929 863056240
930 46331884
931 272073294
932 942166032
933 26856093
934 207821031
935 174470551
936 767223219
937 640872927
938 235977486
939 920116623
940 292126852
941 12998391
942 532574923
943 998296395
944 25227039
945 187249878
946 842617705
947 656627519
948 347009665
949 348969979
950 851479248
951 873266997
952 503259328
953 842702912
954 428730397
955 261939304
956 860106581
957 357029649
958 615171537
959 494885699
960 583684903
961 252420227
962 411276846
963 96848652
964 330354726
965 13705478
966 958345508
967 605025004
968 550695313
969 81754254
970 859470305
971 643257472
972 228442629
973 468820381
974 594429057
975 7463587
976 188598398
977 911106997
978 284452431
979 522264879
980 452089998
981 872416471
982 750673083
983 589105545
984 635253510
985 220880218
986 856030098
987 447793271
988 357616692
989 176255271
990 231606943
991 107902574
992 317622403
993 264521062
994 115599783
995 338634971
996 618957106
997 466858066
998 78494525
999 515562702
1000 222370196
2 1 10
2 9 10
2 57 10
2 75 10
2 75 10
2 82 10
2 5 10
2 82 10
2 73 10
2 33 10
2 29 10
2 21 10
2 64 10
2 19 10
2 4 10
2 95 10
2 52 10
2 25 10
2 36 10
2 47 10
2 79 10
2 88 10
2 1 10
2 58 10
2 1 10
2 16 10
2 59 10
2 44 10
2 92 10
2 33 10
2 61 10
2 68 10
2 19 10
2 86 10
2 69 10
2 38 10
2 61 10
2 68 10
2 23 10
2 48 10
2 83 10
2 67 10
2 63 10
2 48 10
2 81 10
2 82 10
2 83 10
2 51 10
2 43 10
2 41 10
2 61 10
2 68 10
2 41 10
2 3 10
2 39 10
2 18 10
2 29 10
2 32 10
2 74 10
2 52 10
2 7 10
2 26 10
2 1 10
2 31 10
2 4 10
2 13 10
2 82 10
2 78 10
2 1 10
2 98 10
2 27 10
2 17 10
2 22 10
2 20 10
2 54 10
2 64 10
2 57 10
2 55 10
2 58 10
2 9 10
2 10 10
2 22 10
2 98 10
2 43 10
2 49 10
2 60 10
2 83 10
2 63 10
2 33 10
2 55 10
2 68 10
2 40 10
2 42 10
2 72 10
2 67 10
2 34 10
2 93 10
2 61 10
2 84 10
2 50 10
2 28 10
2 98 10
2 88 10
2 81 10
2 8 10
2 65 10
2 75 10
2 16 10
2 60 10
2 87 10
2 81 10
2 49 10
2 69 10
2 11 10
2 31 10
2 7 10
2 4 10
2 41 10
2 58 10
2 51 10
2 83 10
2 62 10
2 13 10
2 22 10
2 40 10
2 83 10
2 39 10
2 36 10
2 76 10
2 33 10
2 67 10
2 78 10
2 88 10
2 17 10
2 93 10
2 94 10
2 12 10
2 11 10
2 23 10
2 95 10
2 48 10
2 45 10
2 19 10
2 76 10
2 27 10
2 31 10
2 2 10
2 60 10
2 95 10
2 8 10
2 81 10
2 95 10
2 81 10
2 25 10
2 83 10
2 88 10
2 11 10
2 21 10
2 18 10
2 54 10
2 24 10
2 5 10
2 72 10
2 38 10
2 68 10
2 30 10
2 93 10
2 63 10
2 87 10
2 81 10
2 15 10
2 82 10
2 68 10
2 89 10
2 58 10
2 59 10
2 76 10
2 26 10
2 42 10
2 54 10
2 43 10
2 61 10
2 52 10
2 98 10
2 33 10
2 48 10
2 1 10
2 99 10
2 42 10
2 43 10
2 98 10
2 19 10
2 67 10
2 44 10
2 38 10
2 88 10
2 84 10
2 8 10
2 18 10
2 68 10
2 2 10
2 31 10
2 67 10
2 93 10
2 97 10
2 62 10
2 73 10
2 43 10
2 68 10
2 42 10
2 57 10
2 89 10
2 32 10
2 88 10
2 64 10
2 27 10
2 40 10
2 57 10
2 17 10
2 32 10
2 65 10
2 45 10
2 34 10
2 34 10
2 2 10
2 36 10
2 15 10
2 58 10
2 6 10
2 73 10
2 34 10
2 28 10
2 72 10
2 99 10
2 7 10
2 69 10
2 33 10
2 65 10
2 25 10
2 33 10
2 56 10
2 76 10
2 30 10
2 82 10
2 27 10
2 84 10
2 99 10
2 40 10
2 1 10
2 72 10
2 79 10
2 76 10
2 49 10
2 62 10
2 56 10
2 70 10
2 87 10
2 42 10
2 23 10
2 47 10
2 84 10
2 73 10
2 13 10
2 43 10
2 87 10
2 34 10
2 35 10
2 61 10
2 56 10
2 58 10
2 80 10
2 74 10
2 5 10
2 18 10
2 17 10
2 98 10
2 88 10
2 50 10
2 62 10
2 56 10
2 97 10
2 43 10
2 29 10
2 96 10
2 50 10
2 69 10
2 47 10
2 55 10
2 91 10
2 37 10
2 80 10
2 84 10
2 5 10
2 78 10
2 11 10
2 54 10
2 44 10
2 67 10
2 47 10
2 70 10
2 10 10
2 41 10
2 30 10
2 17 10
2 14 10
2 75 10
2 46 10
2 1 10
2 18 10
2 84 10
2 98 10
2 95 10
2 74 10
2 85 10
2 18 10
2 63 10
2 78 10
2 63 10
2 4 10
2 75 10
2 5 10
2 25 10
2 96 10
2 77 10
2 46 10
2 27 10
2 49 10
2 5 10
2 48 10
2 23 10
2 18 10
2 32 10
2 94 10
2 54 10
2 80 10
2 100 10
2 90 10
2 31 10
2 43 10
2 28 10
2 61 10
2 37 10
2 33 10
2 55 10
2 37 10
2 39 10
2 75 10
2 49 10
2 29 10
2 48 10
2 15 10
2 1 10
2 19 10
2 37 10
2 12 10
2 2 10
2 34 10
2 13 10
2 47 10
2 16 10
2 79 10
2 51 10
2 42 10
2 67 10
2 50 10
2 51 10
2 16 10
2 55 10
2 69 10
2 100 10
2 19 10
2 2 10
2 76 10
2 12 10
2 84 10
2 60 10
2 39 10
2 46 10
2 78 10
2 31 10
2 71 10
2 97 10
2 39 10
2 60 10
2 40 10
2 55 10
2 34 10
2 33 10
2 35 10
2 46 10
2 73 10
2 66 10
2 46 10
2 53 10
2 47 10
2 99 10
2 89 10
2 97 10
2 17 10
2 36 10
2 45 10
2 57 10
2 56 10
2 81 10
2 99 10
2 36 10
2 90 10
2 85 10
2 17 10
2 7 10
2 55 10
2 71 10
2 13 10
2 83 10
2 21 10
2 46 10
2 40 10
2 52 10
2 46 10
2 6 10
2 78 10
2 25 10
2 59 10
2 8 10
2 2 10
2 57 10
2 87 10
2 69 10
2 89 10
2 2 10
2 32 10
2 24 10
2 87 10
2 3 10
2 14 10
2 4 10
2 10 10
2 45 10
2 75 10
2 12 10
2 2 10
2 55 10
2 40 10
2 80 10
2 10 10
2 68 10
2 35 10
2 5 10
2 32 10
2 63 10
2 100 10
2 77 10
2 11 10
2 58 10
2 60 10
2 5 10
2 98 10
2 74 10
2 5 10
2 31 10
2 79 10
2 67 10
2 28 10
2 25 10
2 74 10
2 46 10
2 89 10
2 100 10
2 70 10
2 5 10
2 85 10
2 18 10
2 9 10
2 2 10
2 81 10
2 79 10
2 43 10
2 65 10
2 61 10
2 55 10
2 64 10
2 59 10
2 10 10
2 14 10
2 7 10
2 78 10
2 66 10
2 46 10
2 18 10
2 7 10
2 24 10
2 82 10
2 98 10
2 98 10
2 80 10
2 18 10
2 56 10
2 46 10
2 40 10
2 13 10
1 373 263 133482629
2 669 5
1 726 237 915286240
1 131 193 954721388
2 894 8
2 265 7
2 610 6
1 56 162 852656810
2 413 7
2 883 5
2 599 2
1 313 618 888619303
1 533 395 363440586
1 491 735 810571672
2 42 7
1 862 812 8207618
2 511 10
1 852 967 257978444
1 895 527 146759185
2 595 7
2 709 10
2 333 9
2 263 3
2 413 6
1 820 162 507636117
1 821 240 630505546
1 919 541 778303220
2 414 6
1 323 814 969221012
1 134 924 853346084
1 731 816 877002803
2 593 9
1 68 486 507336618
1 292 324 299522971
1 549 111 913178320
1 724 80 757470088
1 933 135 191697178
2 915 6
2 211 6
1 948 459 395462024
2 485 8
2 983 8
2 990 7
1 629 97 629457941
2 20 7
1 632 660 190831884
1 133 266 896331709
1 595 716 148255889
1 560 749 203309576
1 475 999 41034702
2 150 5
1 57 199 954077410
1 600 490 554322168
1 915 922 969242674
1 831 230 240351757
1 599 212 473101720
2 112 8
1 407 467 69348995
1 548 588 216332791
1 703 698 132628391
1 921 519 398617340
2 808 2
1 297 645 681528244
2 999 4
1 738 997 471700830
1 641 755 583616040
2 937 6
2 509 9
2 139 10
1 388 864 51236780
2 643 2
2 482 4
2 842 7
1 251 598 963400362
2 420 3
2 943 5
1 447 128 958656389
1 216 585 851788236
2 858 2
2 155 10
2 983 1
1 417 278 650365218
1 657 124 801677043
1 186 218 706006907
1 323 565 971724382
1 946 700 877518901
2 574 2
1 75 306 209265764
2 290 8
2 945 2
2 279 0
2 424 6
1 438 213 12135908
1 198 770 185033674
2 505 7
2 949 6
2 930 7
2 189 3
2 11 0
1 592 789 366950210
2 626 4
2 207 10
1 501 270 916974171
1 969 10 689962726
2 145 10
2 976 8
1 704 910 31851925
2 673 5
1 497 594 200232605
2 378 8
2 924 8
2 358 8
2 91 3
1 28 568 910957671
2 148 2
2 879 10
2 492 4
2 360 1
1 232 516 822693531
2 967 7
2 14 2
2 261 1
2 305 3
1 189 569 705191744
2 685 2
1 477 936 795792284
2 599 9
2 859 4
1 875 535 666033012
1 263 719 116528820
2 631 2
2 446 2
1 201 388 412610071
2 829 7
1 312 852 263611681
2 928 10
2 964 6
1 660 980 711016936
1 894 695 7663665
2 477 6
1 77 758 515716902
2 450 5
2 533 3
2 247 3
1 858 686 190603302
2 819 3
1 965 45 373977192
1 678 468 590440475
2 190 6
2 964 2
1 869 242 932749201
2 209 9
1 96 710 789263768
1 675 604 481345126
1 36 803 771749707
1 138 408 222287627
1 625 778 301330410
2 182 7
1 293 838 256005427
1 591 567 164555126
1 764 565 158017237
2 325 1
1 477 585 370994668
2 859 4
1 965 977 527779142
2 539 5
2 27 10
2 497 3
2 735 4
1 176 974 46678730
2 582 1
2 532 3
1 224 533 487312178
1 613 83 573241162
1 463 488 220823233
1 247 14 257943593
1 178 143 802894594
1 86 277 184802295
2 78 3
2 925 1
2 982 10
2 616 9
1 926 997 434777598
1 55 509 564702608
2 88 2
1 34 812 264522646
2 87 7
1 419 286 725615075
2 342 10
2 359 2
2 625 2
1 318 8 297994857
1 960 352 106742398
2 375 6
2 998 9
2 219 4
1 579 828 830116992
2 182 5
2 908 10
2 648 2
1 265 328 146367654
2 228 5
1 534 9 404504904
1 217 251 388657894
1 916 744 757216032
1 290 688 90192138
2 797 8
2 656 0
1 274 267 164875352
1 560 506 634990792
1 652 630 793143660
1 382 477 576415838
2 979 5
1 572 590 219441455
1 624 192 270224402
2 664 1
1 983 519 446738173
2 461 0
1 171 945 317307361
1 338 569 5463442
2 70 5
2 664 5
1 254 934 875836402
2 682 3
1 353 479 189196636
1 207 163 573043923
1 202 265 569886385
2 209 0
1 240 176 721167235
2 686 5
1 789 120 854023302
2 595 5
1 812 966 323172340
1 619 737 751264970
2 814 1
1 322 627 701014529
1 633 946 493921342
1 240 963 33822946
2 285 2
2 873 10
2 549 1
2 579 10
1 107 540 147490797
2 194 6
1 171 530 99606751
2 211 6
1 89 631 931648366
1 749 579 73898766
2 21 4
2 729 10
1 410 62 496377436
1 644 666 272138694
1 615 677 135222886
2 687 2
2 179 10
2 180 3
2 514 10
2 230 9
2 273 6
1 890 494 174743745
1 568 570 696651122
2 690 7
2 358 0
1 24 254 292748563
1 201 600 673313668
1 869 922 494520611
2 1 1
1 355 977 135590653
2 847 0
1 382 462 676026072
2 802 3
2 571 0
1 881 246 305528883
2 639 8
1 317 496 86046150
2 898 9
1 108 141 470623179
2 893 5
2 51 0
2 673 3
1 131 787 637228591
1 944 51 131951726
2 221 0
2 901 1
2 73 10
1 692 337 251044311
2 965 5
2 916 1
2 169 2
2 450 9
1 44 420 683139462
1 183 415 126701732
2 767 5
2 949 8
1 434 344 313811426
2 8 10
1 849 810 853981531
1 611 720 904229721
2 280 2
1 801 526 151838611
2 992 2
1 443 970 301897540
1 363 448 179389242
1 447 964 687915716
2 404 5
2 42 4
2 858 0
1 326 782 475971157
1 412 358 259480171
2 130 0
2 110 2
2 801 9
1 445 13 931866180
1 779 153 104549207
1 726 485 511056642
2 399 3
2 895 0
1 868 222 689952422
2 85 3
2 721 9
2 652 2
1 777 57 23843843
2 657 6
2 305 5
2 275 2
1 693 723 674495967
2 511 5
1 701 744 632060336
1 265 909 474483168
1 985 652 801960116
1 427 742 850179920
1 921 273 468863398
1 727 994 565539449
1 663 751 513299559
2 352 0
1 949 667 120092699
1 534 668 651834281
1 841 716 506641712
2 691 10
1 355 5 375424335
1 297 622 541754743
1 604 905 153800888
2 247 1
2 715 10
1 453 594 328039679
1 708 327 763802680
1 710 773 24631002
1 185 489 784072254
1 677 403 147324996
1 169 556 393462770
2 225 10
1 834 645 568167712
2 370 4
2 245 1
1 423 996 336276569
1 880 916 270233425
2 974 4
2 571 1
2 689 8
1 621 533 498762445
1 708 682 183989508
2 32 7
2 598 3
2 105 8
1 994 551 544619995
1 161 531 866868391
2 188 1
1 746 939 862940944
1 621 951 806449509
1 685 715 125245798
1 623 893 495018129
1 850 976 137800125
2 647 2
1 794 414 12329850
1 941 890 252093465
2 497 8
2 954 0
1 238 959 585742906
2 186 9
2 788 2
1 58 93 819432724
2 957 7
2 926 7
1 697 632 587092860
2 996 0
1 281 400 799247758
1 97 172 313617558
2 612 2
1 603 244 560586800
1 637 786 718337988
1 508 362 995708242
2 721 4
1 536 325 707186129
1 858 181 6915153
2 840 1
2 71 0
1 958 895 7931642
1 81 458 791750334
1 365 145 356768978
1 598 576 148599294
2 146 7
2 406 7
1 637 848 887769923
2 303 7
1 563 977 878231906
1 899 801 421083942
2 630 8
2 425 10
2 59 4
2 595 6
2 828 9
2 964 8
2 160 8
1 640 618 624898713
1 709 702 1132109
2 870 5
1 669 718 68009792
2 267 7
2 264 2
1 221 152 108978180
1 328 383 311269790
1 943 468 991140435
1 341 12 774685192
2 635 6
1 88 270 568434850
1 229 751 952009775
1 57 305 510105657
2 471 1
2 745 0
2 829 5
1 403 847 459067853
1 336 142 885420436
2 199 0
1 782 536 256780043
1 646 820 969498773
2 746 0
1 424 593 320747277
1 380 193 88935174
1 457 490 147134601
1 233 350 86073432
2 961 1
2 133 9
2 149 0
2 83 9
1 468 145 251677762
1 457 645 956703541
2 644 10
1 793 458 962919418
2 290 10
2 432 4
1 88 464 764033148
1 304 854 409350555
1 373 92 919849194
2 533 0
1 433 569 304165789
1 461 742 673354815
1 916 63 374988984
2 280 10
2 650 3
2 711 1
1 264 66 71842594
2 460 1
2 89 1
1 881 723 863895737
1 203 526 389182593
1 441 815 283740263
2 784 10
2 657 5
2 772 1
1 276 748 812151291
2 740 7
2 225 0
1 550 399 465681168
1 310 388 14164110
2 677 0
2 505 8
2 91 3
1 12 274 190946760
1 547 255 444661830
2 170 8
1 216 854 12059229
2 997 6
2 182 4
2 884 6
1 521 468 216161003
2 43 4
1 214 605 235280180
1 184 527 645029326
1 300 150 847546545
1 92 702 839338295
1 148 803 510798797
2 802 0
2 168 5
2 647 8
1 221 227 278201583
2 309 1
2 906 8
1 590 793 89837380
1 915 716 499419410
1 119 95 812634970
