1500 2000
1 1500 2 1499
300 301 2
301 302 1
302 303 1
303 304 2
304 305 2
305 306 2
306 307 1
307 308 1
308 309 1
309 310 2
310 311 1
311 312 1
312 313 1
313 314 1
314 315 2
315 316 2
316 317 2
317 318 1
318 319 2
319 320 2
320 321 1
321 322 1
322 323 1
323 324 1
324 325 1
325 326 1
326 327 2
327 328 2
328 329 2
329 330 1
330 331 2
331 332 2
332 333 2
333 334 2
334 335 1
335 336 2
336 337 2
337 338 2
338 339 2
339 340 1
340 341 2
341 342 1
342 343 2
343 344 2
344 345 1
345 346 2
346 347 1
347 348 2
348 349 1
349 350 2
350 351 1
351 352 2
352 353 1
353 354 2
354 355 2
355 356 2
356 357 1
357 358 1
358 359 2
359 360 1
360 361 1
361 362 2
362 363 1
363 364 2
364 365 2
365 366 1
366 367 2
367 368 2
368 369 1
369 370 1
370 371 1
371 372 1
372 373 2
373 374 1
374 375 2
375 376 1
376 377 2
377 378 2
378 379 2
379 380 2
380 381 2
381 382 1
382 383 2
383 384 1
384 385 2
385 386 2
386 387 1
387 388 2
388 389 2
389 390 1
390 391 1
391 392 2
392 393 1
393 394 1
394 395 2
395 396 2
396 397 1
397 398 2
398 399 2
399 400 2
400 401 1
401 402 1
402 403 1
403 404 2
404 405 2
405 406 1
406 407 2
407 408 2
408 409 1
409 410 1
410 411 1
411 412 1
412 413 1
413 414 2
414 415 2
415 416 1
416 417 2
417 418 2
418 419 1
419 420 1
420 421 2
421 422 1
422 423 1
423 424 1
424 425 1
425 426 1
426 427 1
427 428 1
428 429 1
429 430 1
430 431 2
431 432 1
432 433 1
433 434 2
434 435 1
435 436 1
436 437 1
437 438 1
438 439 2
439 440 2
440 441 2
441 442 2
442 443 2
443 444 1
444 445 1
445 446 1
446 447 2
447 448 1
448 449 2
449 450 1
450 451 1
451 452 1
452 453 2
453 454 1
454 455 2
455 456 2
456 457 1
457 458 2
458 459 2
459 460 1
460 461 1
461 462 1
462 463 1
463 464 2
464 465 2
465 466 1
466 467 1
467 468 2
468 469 2
469 470 1
470 471 1
471 472 2
472 473 1
473 474 1
474 475 2
475 476 2
476 477 2
477 478 2
478 479 1
479 480 1
480 481 2
481 482 2
482 483 1
483 484 2
484 485 1
485 486 1
486 487 1
487 488 2
488 489 1
489 490 1
490 491 1
491 492 2
492 493 2
493 494 2
494 495 2
495 496 1
496 497 1
497 498 1
498 499 2
499 500 1
500 501 1
501 502 2
502 503 2
503 504 2
504 505 2
505 506 1
506 507 1
507 508 2
508 509 1
509 510 2
510 511 1
511 512 2
512 513 1
513 514 2
514 515 1
515 516 1
516 517 1
517 518 2
518 519 2
519 520 2
520 521 2
521 522 1
522 523 1
523 524 2
524 525 2
525 526 1
526 527 2
527 528 1
528 529 1
529 530 1
530 531 1
531 532 1
532 533 1
533 534 2
534 535 1
535 536 2
536 537 2
537 538 1
538 539 1
539 540 2
540 541 1
541 542 1
542 543 2
543 544 1
544 545 1
545 546 2
546 547 2
547 548 1
548 549 1
549 550 2
550 551 1
551 552 2
552 553 1
553 554 1
554 555 2
555 556 1
556 557 1
557 558 2
558 559 2
559 560 1
560 561 1
561 562 1
562 563 1
563 564 1
564 565 1
565 566 1
566 567 2
567 568 2
568 569 2
569 570 2
570 571 2
571 572 1
572 573 1
573 574 1
574 575 2
575 576 2
576 577 1
577 578 1
578 579 2
579 580 1
580 581 2
581 582 2
582 583 1
583 584 1
584 585 2
585 586 2
586 587 1
587 588 1
588 589 1
589 590 1
590 591 1
591 592 2
592 593 1
593 594 2
594 595 1
595 596 1
596 597 2
597 598 2
598 599 2
599 600 1
600 601 1
601 602 1
602 603 2
603 604 2
604 605 1
605 606 1
606 607 2
607 608 1
608 609 2
609 610 2
610 611 2
611 612 2
612 613 1
613 614 2
614 615 2
615 616 2
616 617 2
617 618 2
618 619 1
619 620 2
620 621 1
621 622 2
622 623 1
623 624 2
624 625 1
625 626 2
626 627 2
627 628 1
628 629 2
629 630 2
630 631 1
631 632 2
632 633 1
633 634 2
634 635 1
635 636 2
636 637 1
637 638 1
638 639 2
639 640 1
640 641 2
641 642 2
642 643 2
643 644 2
644 645 2
645 646 2
646 647 1
647 648 1
648 649 1
649 650 1
650 651 1
651 652 2
652 653 1
653 654 1
654 655 1
655 656 1
656 657 2
657 658 2
658 659 1
659 660 1
660 661 2
661 662 2
662 663 2
663 664 2
664 665 1
665 666 1
666 667 1
667 668 1
668 669 1
669 670 1
670 671 2
671 672 1
672 673 1
673 674 1
674 675 1
675 676 1
676 677 2
677 678 2
678 679 1
679 680 1
680 681 1
681 682 1
682 683 1
683 684 1
684 685 1
685 686 1
686 687 1
687 688 2
688 689 2
689 690 1
690 691 1
691 692 2
692 693 2
693 694 2
694 695 2
695 696 1
696 697 1
697 698 2
698 699 1
699 700 2
700 701 1
701 702 1
702 703 2
703 704 1
704 705 2
705 706 1
706 707 2
707 708 1
708 709 2
709 710 1
710 711 1
711 712 2
712 713 2
713 714 1
714 715 2
715 716 2
716 717 2
717 718 2
718 719 2
719 720 1
720 721 1
721 722 2
722 723 2
723 724 1
724 725 2
725 726 1
726 727 2
727 728 1
728 729 2
729 730 2
730 731 1
731 732 1
732 733 1
733 734 2
734 735 2
735 736 1
736 737 2
737 738 2
738 739 2
739 740 2
740 741 2
741 742 2
742 743 2
743 744 2
744 745 1
745 746 1
746 747 2
747 748 1
748 749 2
749 750 2
750 751 1
751 752 1
752 753 2
753 754 1
754 755 2
755 756 2
756 757 1
757 758 1
758 759 1
759 760 1
760 761 1
761 762 2
762 763 1
763 764 2
764 765 1
765 766 1
766 767 2
767 768 1
768 769 2
769 770 1
770 771 1
771 772 2
772 773 2
773 774 1
774 775 1
775 776 1
776 777 2
777 778 2
778 779 2
779 780 2
780 781 1
781 782 1
782 783 1
783 784 2
784 785 2
785 786 2
786 787 2
787 788 2
788 789 1
789 790 2
790 791 1
791 792 1
792 793 1
793 794 1
794 795 2
795 796 2
796 797 1
797 798 1
798 799 1
799 800 2
800 801 1
299 300 1
298 300 2
297 299 1
296 299 1
295 297 1
294 295 1
293 296 1
292 295 2
291 292 2
290 299 1
289 290 1
288 297 1
287 289 2
286 290 2
285 286 1
284 289 1
283 298 1
282 297 1
281 294 1
280 295 1
279 294 2
278 289 2
277 284 1
276 284 1
275 290 2
274 282 1
273 294 2
272 299 2
271 293 2
270 289 1
269 293 1
268 270 1
267 297 2
266 290 1
265 283 2
264 288 1
263 276 1
262 287 1
261 273 1
260 262 2
259 296 2
258 299 2
257 300 2
256 285 2
255 284 2
254 277 2
253 262 2
252 296 2
251 267 2
250 299 1
249 294 2
248 257 2
247 283 2
246 249 1
245 300 2
244 263 1
243 260 1
242 288 2
241 267 1
240 284 2
239 251 1
238 292 1
237 280 2
236 266 1
235 259 2
234 252 2
233 275 2
232 273 2
231 281 1
230 264 2
229 258 2
228 245 2
227 274 1
226 246 2
225 287 2
224 249 1
223 245 1
222 290 1
221 271 1
220 276 1
219 237 2
218 255 1
217 218 2
216 281 1
215 234 1
214 257 2
213 224 1
212 278 1
211 277 1
210 221 2
209 292 2
208 248 1
207 276 1
206 217 2
205 265 2
204 249 1
203 232 1
202 298 2
201 243 1
200 214 1
199 222 1
198 279 1
197 289 2
196 215 2
195 297 2
194 295 2
193 244 1
192 243 1
191 209 1
190 256 1
189 227 2
188 193 1
187 287 2
186 218 1
185 252 1
184 211 2
183 218 2
182 257 1
181 229 1
180 261 2
179 190 2
178 292 2
177 293 1
176 204 1
175 235 1
174 199 1
173 253 1
172 287 1
171 263 1
170 249 1
169 238 2
168 220 2
167 288 1
166 208 2
165 251 2
164 280 2
163 242 1
162 209 1
161 169 2
160 175 1
159 272 2
158 276 2
157 193 1
156 251 2
155 227 2
154 245 2
153 230 1
152 268 1
151 231 1
150 247 1
149 239 1
148 156 1
147 283 1
146 210 2
145 177 1
144 164 1
143 221 1
142 216 1
141 248 1
140 268 1
139 229 1
138 222 2
137 146 2
136 138 1
135 265 1
134 276 2
133 134 1
132 172 2
131 146 2
130 135 2
129 232 2
128 204 1
127 203 1
126 169 1
125 218 1
124 210 2
123 201 2
122 127 2
121 290 2
120 155 2
119 271 2
118 129 2
117 265 2
116 181 1
115 126 1
114 160 1
113 263 2
112 299 2
111 274 2
110 234 1
109 178 2
108 284 1
107 266 1
106 251 1
105 297 1
104 171 1
103 148 2
102 134 2
101 111 2
100 268 2
99 177 1
98 159 2
97 155 2
96 147 2
95 216 1
94 199 1
93 259 1
92 230 2
91 157 1
90 294 1
89 194 2
88 102 1
87 148 2
86 117 2
85 266 2
84 200 2
83 202 1
82 151 1
81 279 2
80 260 1
79 290 2
78 132 1
77 193 1
76 220 2
75 231 2
74 171 2
73 277 2
72 242 1
71 81 1
70 180 2
69 89 1
68 247 1
67 116 1
66 164 1
65 173 2
64 211 2
63 292 2
62 229 2
61 254 1
60 294 1
59 274 2
58 97 2
57 212 1
56 262 2
55 243 1
54 163 2
53 238 2
52 298 2
51 212 2
50 166 1
49 147 2
48 292 1
47 297 2
46 216 1
45 272 2
44 78 2
43 135 2
42 240 1
41 267 1
40 273 1
39 294 2
38 260 2
37 267 1
36 45 1
35 107 2
34 201 1
33 172 2
32 56 2
31 94 1
30 126 2
29 271 1
28 135 1
27 231 2
26 54 1
25 269 2
24 197 2
23 175 1
22 272 1
21 181 2
20 56 2
19 195 2
18 155 2
17 230 1
16 88 2
15 46 2
14 49 2
13 250 1
12 18 1
11 213 1
10 180 2
9 32 2
8 34 2
7 34 2
6 268 1
5 281 1
4 256 2
3 231 1
2 168 1
1 247 1
802 801 2
803 801 2
804 802 2
805 803 2
806 801 1
807 805 1
808 805 2
809 807 1
810 801 2
811 804 1
812 809 2
813 810 1
814 807 1
815 814 1
816 808 2
817 807 2
818 817 2
819 802 1
820 802 2
821 810 1
822 818 2
823 804 1
824 814 1
825 822 2
826 802 2
827 807 2
828 823 1
829 826 1
830 804 2
831 813 2
832 829 2
833 820 1
834 808 1
835 804 1
836 835 2
837 811 2
838 824 1
839 801 2
840 806 1
841 831 2
842 823 1
843 835 2
844 810 2
845 827 1
846 818 2
847 824 1
848 832 2
849 831 2
850 808 2
851 806 2
852 820 1
853 830 2
854 815 2
855 843 2
856 844 1
857 839 1
858 813 2
859 803 2
860 821 1
861 826 1
862 846 2
863 843 2
864 849 2
865 838 2
866 824 1
867 801 2
868 860 2
869 847 1
870 858 2
871 814 2
872 859 1
873 865 2
874 860 1
875 857 1
876 822 2
877 868 1
878 808 2
879 843 1
880 847 2
881 878 2
882 842 2
883 849 1
884 835 1
885 874 1
886 822 2
887 828 2
888 805 1
889 846 2
890 862 1
891 862 1
892 808 2
893 802 1
894 848 1
895 888 1
896 802 1
897 843 1
898 878 1
899 885 1
900 870 2
901 834 1
902 863 1
903 878 1
904 809 2
905 821 1
906 828 1
907 825 2
908 833 2
909 808 1
910 831 1
911 898 2
912 840 2
913 899 2
914 896 2
915 884 1
916 897 1
917 817 1
918 810 2
919 858 1
920 833 2
921 832 1
922 899 1
923 835 2
924 842 1
925 869 2
926 917 2
927 884 2
928 804 2
929 886 2
930 915 2
931 806 1
932 836 2
933 830 2
934 899 1
935 888 2
936 843 1
937 869 2
938 893 2
939 806 1
940 872 1
941 893 2
942 900 1
943 810 1
944 834 1
945 805 2
946 839 2
947 944 1
948 944 1
949 879 2
950 822 2
951 828 2
952 830 2
953 902 1
954 812 2
955 863 2
956 861 1
957 808 1
958 864 2
959 883 2
960 817 1
961 944 2
962 835 1
963 922 2
964 949 2
965 942 1
966 927 2
967 810 2
968 943 2
969 824 2
970 863 2
971 864 1
972 835 1
973 804 1
974 838 2
975 808 2
976 888 2
977 892 2
978 905 2
979 884 2
980 971 2
981 842 1
982 964 2
983 892 2
984 825 2
985 969 2
986 827 1
987 945 1
988 929 2
989 804 2
990 833 1
991 978 1
992 816 2
993 854 1
994 976 2
995 839 2
996 883 2
997 844 1
998 943 2
999 809 1
1000 962 2
1001 935 1
1002 985 1
1003 807 2
1004 889 1
1005 972 1
1006 884 2
1007 976 2
1008 979 1
1009 991 1
1010 911 1
1011 856 1
1012 952 2
1013 849 2
1014 969 1
1015 824 2
1016 847 1
1017 842 2
1018 886 1
1019 880 1
1020 898 1
1021 850 2
1022 962 2
1023 814 1
1024 911 1
1025 864 1
1026 913 2
1027 801 1
1028 895 1
1029 927 1
1030 848 2
1031 877 1
1032 949 1
1033 900 2
1034 1021 1
1035 968 1
1036 861 1
1037 1028 2
1038 967 2
1039 836 2
1040 878 2
1041 960 1
1042 874 2
1043 1026 2
1044 822 2
1045 912 2
1046 964 2
1047 844 1
1048 966 1
1049 978 1
1050 837 1
1051 911 2
1052 1016 1
1053 953 2
1054 958 2
1055 902 1
1056 962 2
1057 941 1
1058 1050 2
1059 818 1
1060 873 2
1061 991 1
1062 893 2
1063 1044 1
1064 809 1
1065 982 2
1066 1054 1
1067 983 2
1068 948 2
1069 950 2
1070 967 1
1071 995 1
1072 937 2
1073 864 2
1074 908 2
1075 974 1
1076 832 1
1077 970 2
1078 879 2
1079 1006 1
1080 976 1
1081 1078 2
1082 917 1
1083 969 2
1084 897 1
1085 866 2
1086 1076 2
1087 1079 2
1088 827 2
1089 878 2
1090 808 2
1091 1046 1
1092 905 1
1093 904 2
1094 845 2
1095 1022 2
1096 1084 2
1097 820 2
1098 819 2
1099 863 2
1100 1060 2
1101 927 1
1102 951 1
1103 1082 1
1104 1078 2
1105 882 1
1106 1099 1
1107 897 1
1108 838 2
1109 1099 1
1110 955 2
1111 938 1
1112 898 1
1113 999 1
1114 829 2
1115 873 2
1116 991 1
1117 1038 2
1118 1115 1
1119 1109 1
1120 1051 1
1121 803 1
1122 925 1
1123 1088 2
1124 910 2
1125 802 2
1126 970 2
1127 806 2
1128 1084 2
1129 870 2
1130 1100 1
1131 855 1
1132 1029 1
1133 1025 2
1134 1031 2
1135 979 1
1136 1004 2
1137 910 1
1138 802 2
1139 1025 2
1140 861 1
1141 1107 2
1142 1023 1
1143 839 2
1144 807 2
1145 978 2
1146 1024 1
1147 943 1
1148 983 2
1149 1083 1
1150 870 2
1151 895 1
1152 1119 2
1153 1020 2
1154 811 1
1155 1084 2
1156 1120 1
1157 936 1
1158 958 2
1159 946 2
1160 1097 1
1161 834 2
1162 994 2
1163 1159 1
1164 1079 2
1165 1110 1
1166 851 2
1167 1006 1
1168 1091 2
1169 1002 2
1170 870 2
1171 1057 2
1172 846 2
1173 1068 1
1174 1169 2
1175 1011 2
1176 970 2
1177 1094 2
1178 1009 1
1179 877 2
1180 908 2
1181 1158 2
1182 889 2
1183 820 1
1184 1135 1
1185 1086 1
1186 1014 1
1187 1085 2
1188 1183 2
1189 943 2
1190 971 1
1191 864 1
1192 924 2
1193 1070 1
1194 932 2
1195 1083 2
1196 854 2
1197 1131 1
1198 1139 1
1199 926 1
1200 1098 2
1201 985 2
1202 1098 2
1203 1169 1
1204 1079 2
1205 928 2
1206 1107 1
1207 1016 1
1208 1120 2
1209 1205 2
1210 1082 2
1211 1057 1
1212 1171 2
1213 964 1
1214 821 2
1215 960 1
1216 878 1
1217 990 2
1218 803 1
1219 969 2
1220 1200 1
1221 1188 2
1222 906 1
1223 962 1
1224 957 1
1225 943 1
1226 1028 1
1227 850 2
1228 1000 1
1229 974 1
1230 865 2
1231 856 2
1232 916 2
1233 1167 2
1234 1175 1
1235 828 1
1236 887 1
1237 1232 1
1238 1093 2
1239 1151 1
1240 1199 1
1241 965 1
1242 1045 1
1243 1195 2
1244 910 2
1245 1119 2
1246 907 2
1247 1199 2
1248 803 1
1249 1151 2
1250 857 2
1251 987 1
1252 975 2
1253 1242 1
1254 922 2
1255 907 2
1256 1238 1
1257 815 2
1258 989 1
1259 846 1
1260 1048 1
1261 1045 1
1262 1066 2
1263 1212 2
1264 1121 2
1265 922 1
1266 849 1
1267 1136 1
1268 890 1
1269 1004 2
1270 932 2
1271 1154 2
1272 1076 2
1273 989 1
1274 1128 2
1275 877 1
1276 1109 1
1277 1087 1
1278 977 1
1279 893 2
1280 1147 2
1281 1254 2
1282 1263 1
1283 914 2
1284 999 1
1285 1037 1
1286 919 1
1287 1164 1
1288 1077 2
1289 1270 2
1290 1181 2
1291 1182 1
1292 972 1
1293 1060 2
1294 1171 2
1295 1036 1
1296 1149 2
1297 1180 1
1298 1049 1
1299 942 1
1300 852 2
1301 1292 1
1302 885 1
1303 1206 2
1304 902 2
1305 1096 1
1306 1115 2
1307 860 2
1308 1119 1
1309 1305 2
1310 1220 1
1311 1296 2
1312 1023 2
1313 972 2
1314 1080 2
1315 862 1
1316 1060 1
1317 938 2
1318 1248 2
1319 1061 1
1320 966 1
1321 882 2
1322 1177 2
1323 966 1
1324 1206 2
1325 1003 1
1326 1025 1
1327 980 1
1328 1074 2
1329 937 2
1330 1146 1
1331 998 1
1332 1237 1
1333 1220 2
1334 1137 1
1335 980 1
1336 890 1
1337 951 2
1338 994 1
1339 975 1
1340 1280 2
1341 1230 2
1342 1024 2
1343 1141 2
1344 942 1
1345 1258 2
1346 1210 2
1347 1168 1
1348 1223 2
1349 951 1
1350 988 1
1351 1192 1
1352 1223 1
1353 1295 2
1354 811 1
1355 938 2
1356 1157 2
1357 1172 1
1358 1041 2
1359 1356 1
1360 1270 2
1361 862 1
1362 1349 1
1363 881 1
1364 1174 1
1365 1249 1
1366 1233 1
1367 1078 2
1368 1178 1
1369 837 2
1370 1127 2
1371 1350 1
1372 1370 2
1373 1107 1
1374 1055 1
1375 1243 1
1376 1125 1
1377 1291 2
1378 1168 1
1379 1082 2
1380 1364 1
1381 1099 1
1382 1170 1
1383 1313 2
1384 891 1
1385 1015 1
1386 850 1
1387 1301 2
1388 1312 2
1389 939 1
1390 906 1
1391 1350 2
1392 889 2
1393 1171 1
1394 1201 1
1395 1232 2
1396 859 2
1397 1242 1
1398 1195 2
1399 1145 2
1400 1026 2
1401 1345 1
1402 1080 1
1403 974 2
1404 1055 2
1405 1213 1
1406 944 1
1407 870 1
1408 1158 1
1409 1163 2
1410 1243 2
1411 815 1
1412 907 1
1413 1345 1
1414 1126 2
1415 1412 2
1416 1176 1
1417 1335 2
1418 1076 2
1419 1051 2
1420 1014 1
1421 1004 1
1422 919 1
1423 1035 1
1424 1232 2
1425 1407 1
1426 1056 2
1427 1085 1
1428 1384 2
1429 951 2
1430 1166 2
1431 1237 1
1432 812 1
1433 1089 1
1434 1429 2
1435 1432 1
1436 1368 1
1437 1416 1
1438 827 1
1439 1408 1
1440 854 1
1441 1383 1
1442 1387 1
1443 1418 1
1444 1061 1
1445 1336 1
1446 1025 2
1447 1006 1
1448 1124 1
1449 1092 2
1450 880 2
1451 1316 2
1452 1374 1
1453 1118 2
1454 1249 2
1455 1232 1
1456 1270 2
1457 1042 2
1458 1068 1
1459 1104 1
1460 947 2
1461 1259 1
1462 1361 1
1463 1298 1
1464 1263 2
1465 1007 1
1466 1248 1
1467 888 2
1468 1178 1
1469 886 2
1470 1408 1
1471 1393 2
1472 910 1
1473 952 1
1474 1235 2
1475 1307 2
1476 1119 1
1477 1093 2
1478 1273 2
1479 1074 2
1480 831 2
1481 957 1
1482 858 1
1483 1102 2
1484 995 1
1485 968 2
1486 861 2
1487 1341 1
1488 1026 2
1489 1380 1
1490 1316 2
1491 1374 1
1492 1157 2
1493 1420 1
1494 973 2
1495 993 1
1496 1355 2
1497 1002 1
1498 1422 2
1499 955 1
1500 1364 2
1397 1267 2
1120 1370 1
1116 1425 1
1401 1011 1
1230 1229 2
259 210 2
1457 1214 2
1098 983 2
130 117 2
1227 1185 2
827 945 1
1161 1012 1
966 1371 2
806 1405 1
239 146 1
1449 918 1
972 959 1
1049 952 2
822 1064 1
1170 1092 2
1243 1301 2
97 179 1
908 932 1
1152 1432 1
1101 1492 2
892 1150 1
255 90 1
1050 1303 2
1236 1402 2
1069 948 2
1119 1164 2
52 63 2
1430 1104 2
959 1314 1
1453 836 1
1403 883 2
230 136 1
1087 1264 2
1378 1367 2
1345 998 1
1191 1210 2
1169 1303 2
837 877 2
76 189 1
832 843 1
894 982 1
835 1260 2
1436 1038 2
146 37 1
286 202 2
85 67 2
1294 1344 1
1011 1223 1
940 1435 1
1187 1256 1
34 222 2
1110 1211 2
1175 1364 2
1392 886 2
850 1353 1
826 1441 2
152 208 2
1381 1490 1
1238 1186 1
879 1092 2
27 65 2
46 174 1
905 911 1
877 803 1
1194 943 1
1110 1217 1
846 1482 1
1129 1421 1
1224 1473 2
1426 1158 2
1383 1428 2
968 1371 2
68 106 2
210 38 2
99 86 1
940 873 1
1392 1151 1
1163 949 2
1269 1223 1
150 125 1
1239 1262 1
270 1 1
824 1362 2
837 1228 2
828 1381 2
845 1414 2
932 904 2
1464 1104 1
1165 1468 1
892 952 1
898 1264 2
1266 1336 2
1005 1054 2
902 892 2
989 1006 1
850 1144 2
1102 1126 2
1384 1404 1
185 110 2
894 1104 2
1480 1088 1
1240 971 2
1236 1448 2
819 1443 2
238 231 1
936 1371 2
1105 1449 2
1134 1359 1
1469 1392 1
256 266 2
818 1073 1
1272 1339 1
1134 1136 2
808 1456 1
901 1429 1
1010 882 2
164 91 2
1170 1098 1
807 953 2
1375 897 2
959 1391 1
874 1280 2
854 1200 1
895 1128 1
1499 1480 2
919 1077 2
1250 1269 1
1250 1293 2
880 1088 1
915 946 1
282 89 1
1080 1461 1
1449 1066 1
1385 809 2
956 1475 1
1205 1401 2
1478 935 2
1046 1418 2
127 97 1
1063 1287 1
917 1056 1
1256 1412 2
899 1467 1
226 2 1
1437 916 2
1070 1232 2
1126 1500 1
1258 1237 1
59 291 2
1227 1215 1
1423 835 2
1076 1334 1
13 185 1
1163 1187 2
1012 902 2
294 254 1
855 1233 1
983 1176 1
1415 1020 2
29 88 1
1311 1055 1
1073 1269 1
1146 1050 2
949 905 1
1118 1026 2
811 970 1
882 1233 1
1291 883 2
1477 1203 1
997 1304 2
1040 1004 1
1065 1338 1
940 963 2
1302 1232 2
973 1282 2
985 1116 1
843 1226 2
138 231 1
60 224 2
1437 1234 1
1363 1064 2
264 192 1
1019 963 1
1341 1492 1
220 17 1
1488 1267 1
49 92 2
860 946 2
1468 1146 1
1496 1205 1
1134 1229 2
1278 1010 1
1286 823 1
98 182 1
987 1051 2
844 1481 1
873 1436 1
1089 1436 2
1276 1274 1
1148 1234 1
1041 1324 1
1233 1379 2
956 1002 2
1019 1303 2
962 1421 1
946 1454 1
1289 1029 1
1006 976 1
61 93 2
1163 860 1
1308 1161 1
2 220 2
1061 1087 1
232 220 1
927 1473 1
1000 961 1
931 1452 1
1342 930 1
867 1155 2
1054 1353 1
167 254 2
1229 1284 2
1010 1476 1
1186 1365 2
62 51 2
1471 981 2
985 1401 1
849 1428 2
1235 1021 1
890 1194 2
138 4 1
983 1218 1
48 100 2
1021 1177 1
1159 1063 2
8 106 1
1477 997 2
225 94 1
1325 1371 1
1375 928 1
933 842 2
1095 1015 1
1160 1257 1
1131 1363 2
145 65 1
1114 1500 2
1455 1139 1
1313 1149 2
1057 1378 2
1213 861 2
805 1336 1
45 213 2
1025 812 1
1477 1153 1
1341 1365 2
1116 1414 1
891 1441 1
169 33 1
234 247 2
1019 1414 2
121 73 2
955 825 1
218 247 2
1162 1009 1
1483 815 1
82 21 2
1289 1372 2
943 1032 1
1254 995 1
1132 1145 1
961 1379 1
1088 1001 2
1037 1418 2
213 190 2
1002 1397 1
1352 931 1
1477 1107 2
1218 846 1
1271 1009 2
978 1340 2
1055 1356 2
1274 1245 2
1100 1006 1
1167 1156 1
1010 1292 2
1381 1497 1
195 168 1
976 1346 1
139 105 2
134 207 1
1091 810 2
1002 1231 1
1253 874 1
269 290 2
1474 871 1
888 1070 1
1093 1123 2
1128 1068 2
1066 940 2
225 253 1
1024 1295 2
856 1168 2
1480 850 2
875 1034 2
96 223 1
1080 1036 1
124 36 1
1363 1067 1
942 1214 1
1174 973 2
837 1486 2
849 921 1
1303 1260 2
180 229 2
837 977 2
883 1303 2
1134 1440 2
1020 979 1
907 1281 1
51 195 2
1368 1256 1
1327 1476 2
1025 1432 2
868 1225 1
47 108 2
68 72 1
146 171 2
1240 1030 1
1366 1147 1
1495 1321 2
1046 1448 1
256 9 1
1039 925 2
892 1177 1
1446 1123 2
1020 1479 1
1234 1178 1
984 1172 2
1309 942 2
79 47 2
77 138 2
1443 1056 1
1055 1155 2
1291 827 2
868 1069 1
1001 803 2
134 197 2
1077 1173 2
1279 1427 2
870 836 2
811 1135 1
257 205 2
106 79 2
932 942 1
1190 1213 1
137 291 2
17 264 1
1442 1371 2
1234 1345 1
875 1458 1
1054 821 2
948 975 2
1084 966 1
1309 1255 1
833 1483 2
919 1011 2
1081 907 2
1281 1278 2
810 1275 2
1066 1484 2
1358 1467 1
1253 1034 1
970 1046 2
883 958 1
1438 1112 1
1135 1199 1
913 1119 2
1211 1061 2
1206 1221 2
1278 1362 2
1328 1388 2
1384 1209 2
1352 1041 1
1107 1340 1
859 1173 1
910 1186 1
1285 1185 1
1404 1317 2
1207 1070 1
107 207 2
860 830 2
1005 1016 1
888 1367 2
1022 1033 2
859 1246 1
1137 1345 2
1436 1109 1
952 1322 2
1361 849 2
1010 1004 2
1113 1384 2
1268 1055 2
1416 1358 2
139 285 2
959 1280 2
1058 1053 1
1357 1142 1
1040 1120 2
1332 1319 2
1042 927 1
1080 1032 2
1005 916 2
901 906 2
300 145 1
1332 1102 1
1116 1136 1
1460 863 1
1237 1026 2
1049 1492 2
1388 1020 1
71 118 1
840 1170 2
1355 1243 2
1110 1304 1
119 198 2
1000 1185 2
904 997 2
1082 1260 2
902 1123 2
1484 1146 2
979 1315 1
1381 1054 1
928 1225 1
1254 1292 1
1417 864 2
1328 1108 2
1445 996 2
1461 871 2
894 1275 2
1279 1220 1
934 1249 2
922 1317 2
1022 1254 2
1002 1205 1
1081 1432 2
968 1500 1
1325 864 2
900 1130 1
193 59 2
1413 1386 2
919 895 2
1279 1151 2
1406 1103 1
1437 1374 1
1344 1303 1
126 99 1
1468 1374 2
1051 1111 2
1292 829 1
295 17 1
1236 1453 1
1369 1368 1
1168 817 2
1058 1003 2
277 229 2
1159 864 2
1290 1235 1
1090 1265 2
841 1125 1
129 60 2
1419 1202 1
1243 1438 1
132 231 2
929 1042 1
1225 1137 1
1305 1004 2
218 237 1
1057 1300 1
1171 835 2
1390 1107 2
1080 1068 2
293 254 1
926 878 2
1074 915 1
1430 830 1
1492 1500 1
1393 983 1
1155 1449 2
91 88 2
1378 1284 1
1397 969 1
1179 1213 2
1164 1221 1
1381 991 2
1276 1130 2
1419 1226 2
