100 109
75 55 39 8
1 2 944
2 3 543
2 4 654
4 5 408
3 6 345
5 7 94
1 8 708
5 9 439
3 10 963
10 11 829
1 12 380
12 13 415
13 14 782
6 15 280
15 16 970
7 17 499
8 18 726
9 19 327
7 20 567
11 21 472
5 22 975
1 23 125
9 24 622
15 25 410
13 26 134
20 27 838
3 28 8
14 29 673
8 30 894
7 31 48
23 32 984
6 33 561
13 34 280
15 35 298
22 36 418
20 37 65
13 38 611
19 39 258
8 40 583
31 41 171
28 42 99
12 43 74
40 44 96
9 45 176
42 46 237
18 47 160
7 48 103
5 49 826
15 50 943
18 51 575
51 52 815
18 53 443
40 54 198
54 55 613
54 56 157
22 57 985
30 58 219
17 59 426
56 60 3
29 61 694
57 62 668
46 63 751
24 64 569
60 65 571
18 66 908
54 67 806
7 68 487
26 69 497
64 70 860
22 71 443
8 72 209
12 73 533
31 74 249
48 75 995
42 76 700
61 77 544
28 78 897
22 79 216
40 80 999
36 81 611
29 82 139
2 83 142
3 84 578
21 85 431
84 86 805
44 87 698
64 88 732
8 89 673
83 90 916
11 91 109
13 92 102
50 93 304
51 94 813
51 95 806
47 96 471
62 97 794
77 98 461
93 99 842
83 100 296
63 56 422
98 23 537
42 74 3
13 3 64
6 60 394
44 78 285
96 92 627
40 47 855
22 81 949
47 30 993
