1000 1300
1 1000 2 999
300 301 2
301 302 1
302 303 2
303 304 1
304 305 2
305 306 1
306 307 1
307 308 2
308 309 1
309 310 2
310 311 1
311 312 2
312 313 1
313 314 2
314 315 2
315 316 2
316 317 1
317 318 2
318 319 1
319 320 2
320 321 1
321 322 1
322 323 2
323 324 1
324 325 1
325 326 1
326 327 2
327 328 1
328 329 1
329 330 2
330 331 2
331 332 2
332 333 1
333 334 1
334 335 1
335 336 1
336 337 1
337 338 1
338 339 1
339 340 2
340 341 1
341 342 1
342 343 1
343 344 2
344 345 1
345 346 1
346 347 1
347 348 1
348 349 2
349 350 1
350 351 2
351 352 2
352 353 2
353 354 1
354 355 1
355 356 1
356 357 1
357 358 1
358 359 1
359 360 1
360 361 1
361 362 2
362 363 1
363 364 1
364 365 2
365 366 1
366 367 1
367 368 2
368 369 1
369 370 1
370 371 1
371 372 2
372 373 1
373 374 1
374 375 1
375 376 2
376 377 1
377 378 1
378 379 1
379 380 2
380 381 2
381 382 1
382 383 1
383 384 1
384 385 2
385 386 1
386 387 2
387 388 2
388 389 2
389 390 2
390 391 2
391 392 2
392 393 2
393 394 2
394 395 2
395 396 2
396 397 1
397 398 2
398 399 1
399 400 1
400 401 1
401 402 2
402 403 2
403 404 2
404 405 2
405 406 1
406 407 1
407 408 2
408 409 1
409 410 1
410 411 2
411 412 1
412 413 2
413 414 1
414 415 1
415 416 2
416 417 1
417 418 2
418 419 2
419 420 1
420 421 2
421 422 2
422 423 2
423 424 1
424 425 1
425 426 2
426 427 1
427 428 2
428 429 1
429 430 1
430 431 1
431 432 1
432 433 1
433 434 1
434 435 2
435 436 1
436 437 2
437 438 2
438 439 1
439 440 2
440 441 2
441 442 2
442 443 1
443 444 1
444 445 2
445 446 1
446 447 1
447 448 1
448 449 2
449 450 2
450 451 2
451 452 1
452 453 2
453 454 2
454 455 1
455 456 2
456 457 1
457 458 2
458 459 1
459 460 1
460 461 1
461 462 1
462 463 1
463 464 2
464 465 2
465 466 2
466 467 1
467 468 1
468 469 1
469 470 2
470 471 2
471 472 1
472 473 1
473 474 1
474 475 2
475 476 2
476 477 1
477 478 1
478 479 2
479 480 2
480 481 2
481 482 2
482 483 2
483 484 2
484 485 2
485 486 2
486 487 2
487 488 1
488 489 1
489 490 2
490 491 2
491 492 1
492 493 2
493 494 1
494 495 1
495 496 1
496 497 2
497 498 1
498 499 2
499 500 1
500 501 1
501 502 1
502 503 2
503 504 2
504 505 2
505 506 1
506 507 1
507 508 2
508 509 2
509 510 2
510 511 1
511 512 1
512 513 2
513 514 2
514 515 2
515 516 2
516 517 1
517 518 1
518 519 2
519 520 2
520 521 2
521 522 1
522 523 1
523 524 2
524 525 2
525 526 2
526 527 2
527 528 1
528 529 1
529 530 2
530 531 2
531 532 1
532 533 1
533 534 1
534 535 2
535 536 2
536 537 2
537 538 2
538 539 2
539 540 1
540 541 2
541 542 1
542 543 1
543 544 1
544 545 2
545 546 1
546 547 2
547 548 1
548 549 1
549 550 2
550 551 2
551 552 2
552 553 1
553 554 2
554 555 1
555 556 2
556 557 2
557 558 1
558 559 1
559 560 2
560 561 2
561 562 2
562 563 1
563 564 2
564 565 2
565 566 1
566 567 2
567 568 2
568 569 2
569 570 2
570 571 1
571 572 2
572 573 1
573 574 1
574 575 1
575 576 1
576 577 2
577 578 2
578 579 2
579 580 2
580 581 1
581 582 2
582 583 2
583 584 1
584 585 2
585 586 1
586 587 1
587 588 1
588 589 2
589 590 1
590 591 1
591 592 2
592 593 1
593 594 2
594 595 1
595 596 2
596 597 1
597 598 2
598 599 2
599 600 1
600 601 1
601 602 1
602 603 1
603 604 2
604 605 2
605 606 2
606 607 2
607 608 2
608 609 2
609 610 1
610 611 1
611 612 1
612 613 1
613 614 1
614 615 1
615 616 2
616 617 2
617 618 2
618 619 2
619 620 1
620 621 2
621 622 1
622 623 2
623 624 2
624 625 2
625 626 1
626 627 2
627 628 2
628 629 1
629 630 2
630 631 1
631 632 2
632 633 2
633 634 2
634 635 1
635 636 2
636 637 2
637 638 1
638 639 2
639 640 2
640 641 2
641 642 2
642 643 1
643 644 2
644 645 1
645 646 2
646 647 1
647 648 2
648 649 2
649 650 1
650 651 1
651 652 2
652 653 2
653 654 2
654 655 1
655 656 1
656 657 2
657 658 2
658 659 1
659 660 1
660 661 2
661 662 2
662 663 2
663 664 2
664 665 1
665 666 1
666 667 1
667 668 1
668 669 1
669 670 2
670 671 1
671 672 1
672 673 2
673 674 1
674 675 1
675 676 2
676 677 1
677 678 2
678 679 2
679 680 2
680 681 2
681 682 1
682 683 1
683 684 1
684 685 1
685 686 2
686 687 2
687 688 2
688 689 1
689 690 2
690 691 1
691 692 2
692 693 1
693 694 1
694 695 1
695 696 1
696 697 2
697 698 2
698 699 1
699 700 1
700 701 1
701 702 2
702 703 1
703 704 2
704 705 1
705 706 2
706 707 2
707 708 1
708 709 1
709 710 1
710 711 1
711 712 2
712 713 2
713 714 1
714 715 2
715 716 2
716 717 2
717 718 2
718 719 1
719 720 1
720 721 1
721 722 1
722 723 1
723 724 2
724 725 1
725 726 2
726 727 1
727 728 2
728 729 1
729 730 2
730 731 2
731 732 2
732 733 2
733 734 2
734 735 2
735 736 1
736 737 2
737 738 1
738 739 1
739 740 2
740 741 1
741 742 2
742 743 2
743 744 2
744 745 1
745 746 2
746 747 1
747 748 1
748 749 2
749 750 1
750 751 2
751 752 1
752 753 2
753 754 2
754 755 2
755 756 2
756 757 1
757 758 1
758 759 1
759 760 1
760 761 1
761 762 2
762 763 1
763 764 1
764 765 2
765 766 1
766 767 2
767 768 1
768 769 1
769 770 1
770 771 2
771 772 2
772 773 2
773 774 2
774 775 2
775 776 2
776 777 1
777 778 1
778 779 1
779 780 2
780 781 2
781 782 2
782 783 1
783 784 1
784 785 2
785 786 2
786 787 1
787 788 1
788 789 2
789 790 1
790 791 2
791 792 1
792 793 2
793 794 1
794 795 2
795 796 1
796 797 1
797 798 1
798 799 1
799 800 1
800 801 1
299 300 2
298 299 1
297 300 2
296 298 1
295 297 1
294 297 2
293 299 2
292 298 1
291 296 2
290 297 2
289 293 1
288 298 2
287 292 1
286 299 1
285 290 2
284 285 2
283 284 2
282 288 1
281 290 1
280 291 2
279 296 1
278 280 1
277 293 2
276 288 2
275 288 1
274 290 1
273 289 2
272 295 2
271 280 2
270 282 1
269 296 1
268 280 2
267 286 2
266 287 1
265 289 1
264 269 2
263 285 2
262 294 1
261 268 2
260 271 1
259 271 2
258 277 1
257 285 1
256 289 1
255 288 1
254 277 2
253 274 2
252 278 2
251 280 2
250 264 1
249 257 2
248 282 1
247 271 1
246 272 1
245 300 1
244 252 1
243 254 2
242 292 2
241 244 1
240 269 2
239 278 2
238 293 1
237 300 1
236 251 1
235 277 1
234 238 2
233 269 2
232 294 1
231 233 1
230 256 1
229 263 1
228 231 1
227 282 1
226 239 1
225 286 2
224 286 2
223 285 2
222 262 2
221 300 2
220 271 1
219 260 2
218 248 2
217 279 2
216 290 1
215 256 1
214 234 1
213 262 1
212 242 2
211 288 2
210 236 2
209 237 2
208 210 1
207 227 1
206 270 2
205 238 2
204 268 2
203 221 2
202 293 1
201 253 2
200 260 1
199 232 1
198 227 2
197 270 1
196 298 1
195 224 2
194 290 2
193 254 1
192 299 1
191 250 2
190 291 2
189 260 2
188 261 2
187 259 1
186 276 2
185 202 2
184 197 1
183 283 2
182 232 1
181 190 2
180 213 2
179 276 1
178 241 1
177 241 2
176 278 2
175 237 1
174 265 2
173 284 2
172 259 1
171 210 2
170 262 2
169 279 2
168 248 1
167 181 2
166 251 1
165 169 2
164 217 2
163 249 1
162 236 1
161 222 1
160 162 1
159 189 1
158 256 1
157 219 1
156 255 2
155 247 2
154 213 2
153 183 1
152 222 2
151 278 1
150 184 2
149 217 2
148 215 2
147 233 2
146 266 1
145 146 2
144 258 1
143 182 2
142 178 2
141 151 2
140 168 1
139 199 1
138 164 2
137 139 1
136 210 1
135 159 1
134 213 2
133 289 2
132 273 2
131 177 2
130 280 2
129 270 2
128 179 1
127 297 1
126 209 1
125 197 2
124 289 1
123 150 2
122 167 1
121 251 1
120 247 2
119 151 2
118 214 1
117 222 1
116 219 1
115 187 1
114 178 2
113 128 2
112 298 2
111 166 1
110 190 1
109 190 2
108 169 2
107 180 1
106 134 2
105 271 2
104 287 1
103 151 2
102 145 1
101 217 1
100 103 1
99 133 1
98 159 2
97 129 1
96 155 2
95 217 2
94 271 1
93 294 2
92 209 2
91 236 2
90 225 2
89 209 1
88 217 2
87 225 2
86 217 1
85 171 1
84 198 2
83 94 2
82 112 1
81 109 2
80 83 1
79 84 1
78 157 1
77 122 1
76 161 2
75 217 1
74 233 1
73 82 1
72 211 2
71 264 2
70 182 2
69 171 2
68 103 1
67 75 1
66 213 1
65 275 2
64 129 2
63 223 2
62 292 1
61 87 1
60 124 1
59 68 2
58 283 1
57 154 2
56 72 2
55 238 1
54 62 2
53 170 1
52 114 1
51 139 2
50 129 2
49 121 2
48 134 1
47 173 1
46 215 1
45 72 1
44 174 2
43 275 2
42 141 1
41 90 1
40 260 1
39 278 2
38 274 2
37 105 2
36 55 1
35 171 2
34 166 1
33 216 2
32 86 2
31 246 1
30 109 1
29 198 2
28 30 2
27 280 1
26 255 2
25 46 2
24 270 1
23 256 2
22 170 2
21 248 1
20 225 2
19 192 1
18 54 1
17 96 1
16 102 1
15 132 2
14 278 1
13 223 1
12 218 2
11 55 1
10 161 2
9 139 1
8 17 2
7 109 1
6 277 1
5 80 2
4 237 1
3 277 2
2 207 1
1 172 2
802 801 1
803 802 2
804 803 1
805 802 2
806 804 2
807 801 1
808 803 2
809 805 1
810 805 2
811 810 1
812 806 1
813 807 1
814 804 2
815 803 2
816 808 1
817 802 2
818 803 2
819 810 2
820 816 2
821 812 2
822 810 1
823 813 1
824 823 1
825 824 1
826 808 1
827 822 2
828 801 2
829 810 2
830 825 2
831 818 1
832 811 1
833 819 1
834 810 1
835 812 1
836 823 1
837 826 2
838 809 1
839 820 1
840 806 2
841 805 2
842 838 1
843 841 2
844 827 2
845 806 1
846 815 2
847 806 1
848 819 2
849 848 1
850 802 2
851 826 2
852 848 1
853 806 2
854 812 2
855 827 2
856 844 2
857 839 2
858 853 2
859 806 2
860 840 1
861 801 1
862 829 2
863 851 2
864 808 1
865 841 1
866 853 1
867 807 2
868 832 2
869 857 1
870 825 1
871 850 1
872 867 1
873 863 2
874 801 1
875 831 1
876 810 1
877 802 2
878 861 2
879 807 2
880 837 2
881 809 1
882 837 1
883 842 2
884 865 1
885 843 2
886 829 1
887 883 2
888 811 1
889 855 2
890 818 1
891 819 2
892 890 2
893 847 1
894 841 2
895 870 1
896 873 2
897 893 1
898 826 1
899 886 1
900 833 2
901 804 2
902 872 1
903 857 2
904 826 2
905 816 2
906 843 1
907 814 2
908 807 2
909 884 1
910 824 2
911 839 1
912 831 1
913 883 1
914 806 1
915 839 2
916 915 2
917 865 2
918 870 2
919 812 1
920 839 1
921 805 2
922 807 1
923 897 1
924 865 2
925 857 1
926 870 2
927 867 2
928 805 1
929 815 2
930 880 1
931 812 1
932 910 2
933 849 2
934 901 2
935 915 2
936 838 2
937 857 2
938 804 2
939 804 1
940 818 1
941 933 1
942 898 2
943 880 2
944 863 1
945 932 2
946 931 2
947 804 1
948 868 1
949 822 1
950 853 2
951 860 2
952 880 1
953 949 1
954 815 1
955 824 1
956 905 2
957 819 1
958 876 2
959 936 2
960 942 2
961 853 2
962 956 2
963 928 1
964 820 1
965 928 1
966 855 2
967 817 2
968 813 1
969 928 1
970 932 2
971 827 1
972 921 1
973 841 1
974 920 2
975 871 2
976 971 1
977 837 2
978 860 1
979 952 1
980 961 1
981 857 2
982 878 2
983 808 1
984 829 2
985 863 1
986 942 2
987 920 1
988 914 2
989 902 1
990 802 1
991 958 1
992 819 1
993 916 1
994 926 2
995 875 1
996 896 2
997 981 2
998 899 2
999 868 2
1000 848 2
196 255 1
164 48 2
876 909 1
82 227 1
185 76 2
157 91 2
154 156 2
169 243 1
200 257 2
887 997 2
52 279 2
201 277 1
228 196 2
207 116 1
207 8 1
857 841 1
980 990 2
275 299 2
969 867 2
111 201 2
45 15 1
79 187 2
182 167 2
113 3 2
964 815 2
37 107 1
825 926 1
956 991 1
92 208 1
238 91 2
180 105 1
957 921 2
110 245 2
919 998 1
296 231 2
941 823 2
135 181 1
258 174 2
87 223 2
5 102 2
962 813 1
842 805 2
804 911 2
158 294 1
220 53 1
832 914 1
840 917 2
193 294 2
257 142 2
33 157 2
17 112 2
836 996 1
98 192 2
28 186 2
257 75 2
829 972 2
105 15 2
198 49 2
968 955 1
197 142 2
210 61 1
131 291 1
26 265 2
863 889 2
873 993 1
817 912 2
167 191 2
263 24 1
951 968 2
872 951 1
232 109 1
18 133 1
99 101 2
230 72 2
300 90 2
893 883 1
31 227 1
88 48 1
831 921 1
227 230 2
156 234 2
226 283 2
239 234 1
129 25 2
951 827 2
100 181 2
197 7 2
17 5 2
188 140 2
125 30 2
80 28 2
838 851 1
57 287 1
163 99 2
905 910 2
101 103 2
32 110 2
909 857 1
270 29 1
63 49 1
119 238 1
274 139 1
272 180 2
895 932 2
823 908 1
77 29 1
906 953 2
250 6 2
850 942 2
822 884 1
22 65 1
195 282 2
29 155 2
113 29 1
944 973 2
82 280 2
126 103 2
922 878 1
937 862 2
56 32 1
235 148 2
284 165 1
158 296 2
935 925 1
857 974 1
270 147 2
190 156 1
98 153 1
12 1 2
922 842 1
874 834 2
852 817 2
280 106 2
136 31 1
248 257 2
139 209 1
946 937 1
179 57 2
234 69 1
914 951 1
858 932 2
131 195 1
124 286 2
15 292 2
164 82 2
240 241 1
956 891 1
172 32 2
121 210 1
889 844 1
40 187 2
42 164 2
79 127 1
971 842 1
818 865 1
274 249 2
147 223 1
18 256 2
5 16 1
895 861 1
965 1000 2
77 193 1
181 29 2
965 917 2
938 809 2
194 188 1
903 860 2
118 183 2
224 79 1
297 175 2
68 284 1
16 274 1
201 74 2
74 1 1
265 206 2
853 807 1
864 941 2
290 283 2
295 106 2
137 84 2
195 5 2
161 151 1
131 162 1
818 874 2
242 143 2
243 204 2
286 58 2
141 271 2
117 49 1
825 875 2
945 812 2
896 891 1
166 45 1
62 134 2
241 9 2
79 297 1
15 35 2
72 264 1
149 49 2
161 213 1
826 935 2
133 13 2
209 118 2
950 973 1
36 163 2
59 118 1
949 817 2
881 988 2
49 266 1
228 278 1
941 953 1
101 163 1
210 185 1
134 40 1
64 294 1
202 20 2
153 149 1
851 925 1
80 3 2
880 806 2
115 48 1
297 28 2
203 261 1
138 185 2
848 822 2
164 126 2
873 971 1
158 112 2
196 237 2
830 820 1
201 98 1
116 131 1
846 878 2
194 242 1
202 167 2
275 59 1
135 225 2
7 130 1
152 143 2
209 282 2
277 244 1
56 207 1
78 144 2
109 261 1
825 897 1
906 904 1
128 163 1
74 156 1
833 911 2
138 221 1
69 213 1
108 122 1
153 252 1
178 234 2
34 57 2
850 949 2
25 156 2
256 186 1
76 276 2
873 1000 2
154 23 1
115 137 2
969 982 2
807 888 1
3 170 1
57 90 1
888 861 2
180 205 2
241 139 1
261 73 1
168 85 1
254 141 1
955 861 1
220 200 1
956 980 2
235 155 2
969 964 1
924 870 1
926 985 1
274 102 1
259 246 1
28 85 2
252 293 2
108 114 2
151 94 1
995 849 1
78 178 2
270 22 2
980 827 2
873 937 1
197 22 1
181 162 2
278 86 1
228 236 2
61 265 2
165 268 1
51 169 1
15 11 1
295 56 2
145 2 1
295 21 2
124 27 2
839 892 1
277 31 2
124 192 1
13 181 1
116 233 2
948 881 2
238 153 1
45 213 2
34 293 2
155 290 2
19 86 2
236 57 2
57 41 1
185 167 1
42 6 1
90 207 1
989 958 1
174 140 1
77 168 2
121 244 1
1000 938 1
9 188 1
989 809 2
932 935 2
184 170 2
905 946 2
17 134 1
153 248 1
113 220 1
65 272 1
69 37 2
46 84 2
837 954 1
249 184 1
140 77 1
873 824 1
233 177 2
150 285 2
66 9 1
896 963 1
48 176 1
291 161 1
225 138 2
254 117 1
4 224 1
138 20 2
288 246 1
42 282 2
83 215 1
120 218 2
113 280 2
199 154 1
939 814 1
138 223 2
226 181 2
105 44 2
111 132 1
941 805 1
34 64 1
210 167 2
824 899 1
54 119 1
58 92 1
817 826 1
107 17 2
885 819 1
27 294 1
299 102 1
138 30 1
2 10 2
26 292 2
133 131 1
1 194 1
999 996 2
273 85 2
178 22 1
182 88 1
25 78 2
155 83 2
834 943 1
849 894 2
259 128 1
245 264 1
177 67 1
918 850 2
287 112 1
118 253 1
819 940 2
43 258 2
891 834 2
70 281 2
70 274 2
263 232 1
140 232 1
296 257 2
889 984 2
131 17 1
108 206 1
76 10 2
64 295 1
298 82 1
849 914 2
264 162 2
161 6 1
43 119 2
161 68 1
975 939 2
91 45 1
902 988 2
140 223 1
159 280 2
216 128 2
141 193 1
274 178 2
187 69 1
158 284 2
933 912 1
150 159 2
30 136 1
968 970 1
966 841 1
43 40 1
195 101 2
910 918 1
36 167 2
255 33 2
162 94 1
990 940 1
115 27 1
945 988 1
913 903 1
911 921 2
109 300 2
133 220 2
908 986 2
91 216 1
228 186 1
128 91 1
806 802 2
31 295 1
11 119 1
282 122 2
138 58 1
165 56 1
898 854 1
955 952 1
175 181 2
82 236 2
275 241 1
183 18 1
74 25 1
849 926 2
20 135 1
266 253 1
49 66 1
2 172 1
26 198 2
27 151 1
254 85 2
208 274 1
72 287 2
181 228 1
983 937 1
801 968 1
224 168 2
958 901 1
278 94 2
237 139 2
885 907 2
28 132 2
243 46 1
973 827 2
890 911 2
272 204 1
128 201 1
937 972 1
15 73 2
167 131 1
215 247 1
24 226 2
251 34 1
911 983 1
243 56 1
947 908 1
188 276 1
944 914 2
903 820 2
159 73 2
245 92 1
838 801 1
35 190 1
861 809 2
135 126 2
157 228 2
265 19 1
124 268 1
929 838 2
14 161 2
988 887 1
871 848 2
186 154 1
43 276 2
36 130 1
272 54 2
956 925 2
250 83 1
877 999 2
881 846 2
122 173 2
954 957 1
911 866 2
77 222 2
176 200 1
964 954 1
929 893 1
224 265 1
280 226 2
228 144 2
938 927 1
253 254 2
85 10 2
821 960 1
222 82 1
143 22 1
168 2 2
65 42 2
902 807 2
994 882 1
211 85 1
46 197 1
949 876 2
205 208 2
961 829 1
44 181 2
96 153 2
94 172 2
245 186 2
245 67 1
995 850 2
816 896 2
942 903 2
206 40 2
899 889 2
238 172 1
87 112 1
18 12 1
167 280 1
22 168 1
176 203 2
842 876 2
176 181 2
897 965 1
865 960 2
128 275 1
290 84 1
164 127 2
207 127 2
897 958 2
128 283 1
16 194 2
223 247 1
269 26 2
815 827 1
268 214 1
51 64 2
805 954 1
55 120 1
88 127 2
36 129 1
949 911 1
15 8 2
818 882 2
192 144 1
899 940 2
276 54 2
174 49 1
978 901 2
153 281 2
100 183 2
235 111 2
51 190 1
977 968 1
942 830 1
841 899 2
969 933 2
42 218 1
95 214 1
870 987 1
96 168 1
45 200 1
193 225 1
290 293 1
249 12 1
893 881 2
169 280 1
875 959 2
950 912 2
209 51 1
990 891 2
13 236 2
830 890 1
285 296 1
47 288 2
139 37 1
5 192 2
283 4 2
108 136 1
237 19 1
992 881 2
249 103 2
201 265 2
228 74 1
928 956 1
270 245 2
64 250 2
286 202 2
216 252 1
245 285 1
152 246 2
29 89 1
902 903 2
229 114 1
966 831 1
108 147 2
971 820 2
870 998 1
42 265 2
240 157 2
297 197 2
917 876 1
954 926 1
925 809 1
808 980 2
224 90 2
909 858 2
220 83 1
852 815 1
157 235 1
880 855 2
175 243 2
895 839 2
235 232 1
66 70 1
163 62 1
77 274 2
148 122 1
172 158 1
34 27 1
176 56 2
269 100 2
187 179 1
965 925 2
209 86 2
77 85 2
916 884 1
6 238 1
68 229 1
878 995 1
227 229 2
239 104 2
109 236 2
147 145 1
10 189 2
819 815 2
21 192 2
37 226 1
88 93 2
36 133 2
82 288 1
151 81 1
198 91 1
174 22 1
47 253 1
844 876 1
171 185 2
263 245 1
269 130 2
91 87 1
59 168 1
240 81 2
941 975 1
814 902 2
289 66 2
295 276 2
48 244 1
920 814 1
287 162 2
144 281 1
914 946 1
942 926 1
981 913 2
233 258 2
183 265 2
48 242 1
296 200 1
126 169 1
35 162 1
840 903 2
908 924 2
897 952 2
51 198 2
141 86 1
2 188 1
807 871 1
206 61 2
126 222 1
992 919 1
67 268 2
273 90 1
184 233 2
802 1000 2
837 852 2
4 218 1
244 153 2
939 851 1
892 937 1
293 260 2
144 70 1
225 190 2
997 958 1
55 71 2
267 189 2
276 200 2
146 251 1
265 24 2
31 93 2
72 17 1
44 219 1
198 132 2
920 926 1
915 824 1
990 928 2
119 241 1
268 18 2
267 244 2
23 295 1
227 161 2
819 844 1
227 129 1
137 210 2
65 50 1
259 186 1
286 213 2
972 934 1
63 230 2
852 864 2
35 120 1
19 280 2
117 10 1
234 134 1
863 979 1
286 216 2
948 861 1
187 106 2
110 228 2
55 82 2
809 923 2
88 281 2
202 43 1
25 299 1
927 986 2
265 66 1
119 281 1
912 974 1
166 48 2
176 163 1
901 990 1
111 46 2
227 55 2
995 894 1
149 89 2
9 43 2
227 72 1
998 913 2
17 178 1
80 142 1
169 112 1
212 124 2
151 138 2
40 269 1
947 875 2
98 130 2
273 72 1
242 260 1
71 8 2
960 814 2
874 909 2
882 890 2
6 140 1
964 911 2
139 136 2
856 901 2
228 65 2
826 893 2
824 1000 1
46 4 1
896 981 2
847 937 2
97 119 1
918 948 2
81 133 2
116 71 2
55 198 2
142 59 1
953 821 1
966 996 2
192 28 1
211 78 2
821 838 1
855 812 1
838 899 1
216 270 1
204 73 1
232 264 2
190 56 1
890 948 2
73 130 2
13 276 1
158 38 1
989 882 1
235 239 2
282 284 2
300 118 2
59 186 1
82 154 1
125 42 2
961 856 2
78 5 2
203 157 1
999 920 2
163 274 1
176 50 1
299 220 1
200 104 2
814 819 1
10 66 1
106 219 1
167 226 1
157 199 2
197 249 1
922 832 1
923 993 1
217 89 1
953 834 2
146 11 2
253 117 1
844 972 1
830 874 2
843 981 1
961 827 1
146 25 1
156 269 1
988 875 1
904 959 1
231 146 2
907 991 2
62 59 2
74 87 1
292 264 1
216 101 1
181 110 1
269 42 1
148 288 2
109 176 2
270 265 2
11 18 2
55 251 1
12 40 2
827 935 2
981 880 2
65 171 1
274 190 1
135 295 1
986 857 2
905 914 2
238 44 2
10 26 1
126 275 2
967 837 2
40 7 2
276 143 2
130 100 2
148 191 1
235 287 1
3 91 1
117 171 2
214 199 2
106 40 2
144 37 2
894 862 2
141 93 1
32 68 2
880 971 1
1 293 2
282 217 1
42 59 2
161 272 1
27 167 2
116 156 2
27 134 2
157 49 1
167 37 2
854 866 1
173 39 2
61 225 2
959 922 1
948 886 2
64 132 1
289 104 1
133 101 1
85 166 1
138 196 1
929 831 1
976 950 2
46 44 1
890 864 2
282 113 1
970 901 2
874 852 2
300 31 2
998 996 2
127 187 2
283 112 2
846 894 2
46 225 1
199 229 1
233 211 2
821 870 1
151 284 1
34 136 2
172 96 1
257 292 2
977 925 1
169 109 1
905 967 2
61 92 2
100 231 1
261 144 2
166 55 2
821 839 1
25 256 1
219 233 2
221 161 2
174 23 2
7 50 1
908 816 1
94 101 2
221 267 1
106 123 2
229 67 2
280 23 2
897 891 1
856 869 1
876 935 1
21 203 2
157 27 2
298 242 1
5 239 1
90 205 2
993 942 1
252 89 2
42 225 2
9 165 2
247 44 2
290 9 2
878 866 1
184 110 2
228 50 1
259 285 1
290 132 2
852 948 2
13 138 1
69 109 1
163 121 1
300 127 2
851 831 2
942 807 1
166 39 1
282 111 2
284 157 2
36 141 1
169 77 1
931 898 2
278 283 1
896 988 1
907 817 1
173 70 1
91 196 1
38 257 2
295 115 2
215 113 1
982 903 2
242 294 1
267 78 1
222 263 1
829 941 2
65 245 1
265 103 2
6 291 1
