830 739 500
47 7.4
64 6.8
29 6.1
71 2.9
46 6.6
50 8.8
69 7.2
80 8.0
76 7.7
64 6.3
72 4.9
78 7.5
26 5.3
79 6.4
31 5.0
76 5.1
45 1.3
77 2.5
41 7.2
59 5.9
45 0.2
37 0.6
60 1.5
57 1.3
96 0.5
48 6.2
31 8.9
40 3.0
57 0.7
21 1.6
94 9.1
38 8.7
25 2.4
24 4.0
36 2.8
87 7.7
94 7.6
37 4.4
37 9.8
78 7.8
58 2.9
96 6.9
84 3.3
78 2.3
91 8.1
21 8.7
54 8.9
60 7.6
28 1.5
88 0.5
53 0.2
41 2.0
93 10.0
89 8.0
69 9.5
21 4.3
68 5.3
54 3.8
43 3.7
87 4.1
74 5.8
76 9.4
54 7.1
89 1.3
25 3.5
51 8.8
36 8.3
26 7.6
68 7.5
28 2.2
91 3.9
98 7.9
79 1.9
79 0.1
25 7.3
21 2.4
72 0.7
59 8.2
23 3.1
84 9.4
73 7.1
89 3.6
75 7.4
43 8.7
92 9.2
46 0.3
67 3.3
59 5.8
51 0.9
86 6.6
53 2.6
47 6.4
43 8.9
40 2.3
75 2.7
25 1.8
72 4.8
57 6.8
87 9.1
68 4.5
43 2.9
49 8.1
64 3.8
71 5.4
27 4.2
69 1.9
57 9.3
71 0.4
68 5.3
44 1.4
32 7.8
65 8.3
92 3.1
44 8.5
55 6.5
54 9.4
86 5.6
61 4.4
96 8.4
74 4.3
61 7.9
94 2.0
33 8.8
54 3.8
35 3.6
53 8.0
63 7.0
54 9.2
47 2.4
55 5.9
27 4.0
91 2.8
33 3.0
63 0.4
45 6.2
28 0.1
50 1.7
65 0.9
44 3.7
94 1.3
38 6.5
84 7.1
39 5.1
99 4.6
97 7.0
94 4.4
40 7.7
83 9.5
60 9.7
71 10.0
57 2.9
67 0.6
57 9.5
43 10.0
57 8.2
23 2.5
58 5.7
34 6.6
23 3.6
82 5.1
91 5.1
78 6.6
35 4.7
74 9.3
73 9.4
57 9.8
66 0.5
21 3.9
73 8.8
84 8.3
28 7.7
52 2.5
42 1.7
72 6.8
99 0.2
62 1.1
41 8.9
82 3.1
100 3.8
80 7.2
99 4.4
31 9.0
31 7.4
58 8.2
95 1.4
82 2.7
58 9.2
47 1.2
63 3.9
84 0.8
61 8.9
35 3.5
48 4.4
98 1.8
70 5.0
97 3.4
57 6.2
36 9.5
97 8.4
42 1.8
45 2.5
85 7.6
74 0.9
90 4.0
80 0.7
75 4.3
48 0.3
91 3.2
56 1.4
32 8.7
83 9.9
94 3.2
67 5.0
75 5.9
38 4.7
91 3.0
92 1.8
59 5.0
70 2.6
80 1.2
99 9.2
84 5.7
64 1.4
99 1.1
98 3.9
29 7.0
28 1.5
98 7.0
59 10.0
25 5.4
50 4.1
22 0.7
92 2.3
45 4.8
25 5.4
51 8.3
91 5.6
26 6.1
61 5.4
23 8.5
53 9.6
66 7.9
97 3.9
32 0.5
89 9.4
40 7.8
39 0.6
66 3.5
65 1.3
81 4.3
66 1.8
96 6.2
75 4.9
94 9.0
97 2.2
82 6.8
45 0.1
42 0.1
70 3.0
36 4.4
96 0.1
69 5.7
95 4.6
72 0.5
41 10.0
41 8.6
64 5.7
41 0.5
35 1.2
34 1.0
95 8.0
34 7.4
45 1.0
87 10.0
31 5.9
65 4.8
69 8.0
100 4.2
95 3.0
64 0.6
52 3.3
36 0.4
39 2.5
89 2.4
81 7.3
33 0.9
85 5.1
50 2.2
31 1.7
91 1.6
53 1.2
51 2.6
41 7.9
74 1.2
23 9.0
84 3.2
60 0.1
92 0.1
74 9.0
22 8.0
51 4.9
70 0.4
45 2.8
80 2.8
65 5.7
97 6.7
33 8.7
62 4.1
92 3.6
50 7.2
47 2.4
28 7.7
30 3.3
72 5.7
82 3.2
74 8.6
68 4.7
82 3.8
56 6.3
89 1.3
57 0.1
68 4.5
95 9.9
61 0.7
28 7.7
44 5.2
44 9.2
49 3.6
95 9.6
75 2.8
39 4.9
58 0.7
60 6.2
43 8.2
67 7.4
58 9.9
83 6.2
40 2.1
31 7.5
70 9.1
22 1.7
27 1.1
76 2.0
78 0.7
75 9.6
37 4.9
70 4.8
84 6.0
83 8.1
42 3.1
54 4.3
65 0.8
65 9.1
46 4.2
96 5.7
85 0.8
53 6.1
86 3.4
71 9.5
60 8.8
35 7.9
48 2.8
43 5.4
75 1.3
80 7.6
44 0.9
98 1.6
44 6.5
92 7.7
37 3.0
53 10.0
80 2.9
65 0.2
24 3.2
63 7.1
37 8.0
45 2.9
37 5.4
54 0.5
93 8.4
38 1.1
52 6.4
66 0.3
26 9.6
98 5.0
38 8.6
52 7.4
83 7.2
50 2.2
83 4.1
33 6.6
67 8.6
25 6.9
89 8.8
27 5.2
95 4.6
71 3.8
23 7.2
92 7.8
56 2.9
25 7.7
72 8.6
69 6.4
100 1.1
45 9.3
58 2.8
68 6.0
65 0.7
58 6.3
42 7.0
30 6.2
94 2.0
21 9.7
32 3.7
97 8.0
37 9.3
58 6.6
77 8.3
64 6.7
33 6.8
54 7.6
22 8.1
42 9.8
42 5.0
73 1.2
55 1.7
37 1.4
82 8.2
94 1.9
31 8.7
27 1.0
49 2.0
73 6.2
68 0.6
65 9.5
79 1.8
46 2.1
84 2.0
93 9.0
24 2.1
89 5.6
39 2.1
89 0.2
24 5.6
63 2.4
84 7.8
94 3.6
26 4.0
28 5.2
55 6.2
88 7.4
94 8.9
38 6.5
68 8.7
68 1.0
56 2.8
47 7.5
64 5.2
55 3.5
21 2.0
67 1.9
57 9.2
57 8.6
79 9.0
48 5.9
46 3.3
52 4.4
67 5.7
93 3.8
76 5.3
78 9.3
36 8.1
56 8.9
35 5.5
26 3.5
74 0.3
52 0.1
87 3.8
21 5.7
98 0.3
28 4.7
45 7.7
24 6.0
45 5.3
79 5.5
85 1.6
22 4.3
41 9.2
72 5.4
94 5.4
84 3.7
76 8.6
90 5.8
32 5.1
38 0.5
64 1.7
24 1.8
51 3.2
57 9.0
51 5.9
