3200 369 800
29 7.7
71 6.7
99 8.3
28 8.3
95 7.5
48 1.9
58 0.4
88 3.2
67 1.2
50 9.9
75 7.0
59 1.8
91 1.9
59 9.7
75 1.8
39 4.0
46 10.0
93 5.0
39 9.6
77 1.0
47 7.9
81 2.7
33 2.9
29 2.9
28 3.2
51 5.5
34 5.9
53 9.5
24 9.1
100 5.6
52 7.5
74 4.6
80 4.3
28 3.8
46 1.8
46 2.7
66 9.4
36 10.0
55 6.6
70 9.2
73 3.0
56 7.7
45 0.9
29 4.1
77 4.8
54 1.6
46 9.6
29 8.4
32 7.2
93 7.6
94 6.9
49 3.1
95 5.4
81 7.1
57 7.2
72 2.8
96 4.7
93 3.0
67 5.0
61 0.9
89 7.2
40 0.5
33 2.2
25 8.7
72 5.1
86 9.5
85 4.1
82 7.9
70 3.9
86 0.8
100 2.4
54 5.1
26 1.8
90 5.8
70 8.4
25 0.7
51 8.9
38 8.2
42 1.7
21 0.1
84 3.7
27 0.4
98 9.5
99 8.5
77 7.3
99 1.4
58 2.2
38 8.3
62 7.2
38 8.8
36 8.2
78 0.4
24 7.4
47 4.0
73 6.2
61 7.5
63 8.1
77 9.9
58 6.3
99 2.0
32 2.8
33 2.1
96 8.2
47 5.5
33 3.5
69 3.2
37 8.6
98 2.5
62 4.3
91 0.3
95 6.2
28 7.0
34 3.3
60 5.6
64 4.8
41 1.5
85 1.9
60 9.5
30 4.3
25 0.4
41 2.7
56 8.3
78 1.0
84 5.6
47 6.1
52 3.0
50 4.1
46 5.1
54 3.6
97 3.5
65 2.1
84 5.6
55 0.6
54 3.8
47 6.5
77 7.6
58 6.6
93 1.7
93 3.5
77 3.5
97 3.5
75 1.2
92 4.1
81 9.3
52 2.8
55 7.9
23 2.6
30 8.9
73 9.7
70 7.9
67 2.6
69 2.4
89 6.1
96 9.3
29 1.4
79 6.3
77 2.1
86 7.1
24 2.8
100 7.8
67 4.4
99 1.4
70 7.6
41 1.8
22 4.2
25 8.6
58 2.6
31 1.0
87 2.0
40 5.3
85 7.1
53 9.7
84 1.6
32 6.4
23 8.6
73 9.7
89 1.2
57 4.7
28 5.5
81 0.2
94 3.8
96 5.4
43 8.4
69 0.3
41 4.5
45 2.3
67 10.0
83 5.2
50 6.5
40 8.1
74 2.0
48 4.8
61 5.8
56 7.1
53 1.5
75 6.0
75 2.9
82 1.5
94 4.1
56 7.9
47 3.3
50 0.9
38 6.3
55 10.0
53 5.9
21 4.3
57 5.6
76 3.7
35 0.2
48 5.8
70 8.1
69 7.0
61 0.1
43 3.3
94 5.7
22 2.4
73 7.6
54 0.3
69 9.6
55 7.1
85 3.3
66 0.6
60 3.8
50 7.6
96 5.8
43 6.6
97 4.8
71 6.5
58 8.7
61 0.3
58 1.2
80 2.9
41 6.3
40 7.6
81 0.3
53 5.4
50 6.7
45 5.6
64 3.2
23 8.8
41 3.7
33 3.4
82 7.9
49 3.8
66 6.6
78 5.5
52 0.8
24 9.5
61 7.7
50 8.5
90 5.9
57 9.4
81 8.7
93 1.5
21 2.6
50 0.1
95 4.6
72 8.5
63 1.1
94 3.8
74 6.0
58 5.0
34 6.6
50 3.1
36 9.6
29 7.0
40 0.9
37 9.6
64 6.4
45 3.6
93 2.5
27 5.4
37 8.5
35 2.4
93 4.9
96 7.3
63 3.9
67 8.3
93 2.8
34 5.2
60 9.5
62 5.1
48 6.8
86 2.2
35 1.4
75 0.4
95 5.6
91 9.0
77 5.1
97 3.9
74 6.7
68 0.9
86 1.7
30 8.2
48 5.6
94 8.2
98 4.1
56 3.3
81 2.3
97 9.0
22 10.0
61 3.9
53 6.6
59 6.2
54 3.5
97 10.0
78 1.2
64 6.9
25 5.3
56 0.6
90 3.1
29 5.2
66 0.1
59 0.3
40 2.8
85 7.8
45 2.8
61 9.2
44 2.2
73 3.1
82 2.6
93 6.2
30 10.0
99 3.5
76 5.2
33 5.0
62 5.7
40 0.3
72 3.4
100 3.1
72 1.2
24 2.1
33 5.1
75 4.8
34 1.3
33 6.5
63 0.5
44 6.1
26 1.9
69 4.5
25 6.4
31 3.8
98 5.6
87 8.0
94 9.4
29 7.1
22 6.9
91 1.2
69 6.6
43 2.4
44 4.7
81 4.1
92 5.0
52 1.6
94 2.3
71 9.6
49 8.4
62 3.0
63 7.1
53 4.0
63 3.2
79 5.7
60 6.9
26 0.2
65 1.7
88 7.0
65 5.1
40 4.1
54 3.4
39 2.9
31 4.2
85 4.2
76 5.3
79 1.7
32 6.7
64 4.5
100 9.5
62 0.9
51 4.7
87 9.9
86 9.1
32 7.0
57 7.5
55 5.8
26 2.5
69 8.6
47 7.2
50 9.7
26 5.7
55 2.4
53 2.6
83 6.5
37 2.2
92 2.7
30 1.1
94 7.0
26 2.3
41 3.8
34 8.7
33 9.2
37 8.8
26 5.3
44 8.1
28 3.0
51 2.7
66 0.7
65 5.4
78 8.0
59 5.1
25 9.7
44 4.0
70 3.8
93 9.1
60 2.4
61 7.6
40 5.0
66 8.2
97 8.1
92 0.7
41 7.0
52 4.0
47 5.7
58 7.4
97 7.5
60 1.3
98 8.4
70 8.2
78 8.7
84 1.9
56 0.9
92 5.3
64 4.6
43 6.0
49 0.4
36 5.9
72 0.3
83 1.7
37 9.6
72 3.1
27 4.4
47 3.5
48 3.8
98 5.4
62 5.5
29 7.8
97 0.8
55 4.8
96 0.4
91 7.2
30 3.9
50 1.6
67 7.1
29 2.6
94 8.0
41 9.0
81 9.0
57 4.0
75 9.2
48 4.7
87 3.9
27 8.2
33 6.6
88 0.9
46 5.6
43 6.4
90 8.2
80 2.6
92 7.7
85 8.0
59 9.8
28 3.8
68 2.1
79 4.4
40 6.2
90 2.0
21 9.7
91 9.1
55 6.4
60 0.9
67 3.8
83 7.5
21 1.8
83 0.9
95 8.0
39 3.7
33 7.1
67 7.8
43 5.7
54 6.1
23 4.5
88 0.1
92 4.0
63 1.1
54 1.5
51 3.8
72 9.8
27 4.1
75 1.0
28 5.4
64 9.6
70 9.8
59 5.2
85 3.8
59 2.1
32 10.0
87 2.3
76 9.1
89 4.0
98 9.2
25 6.4
33 0.6
55 9.0
42 9.3
85 0.5
53 2.2
29 0.2
27 1.4
40 2.8
60 6.4
91 4.7
95 6.3
38 5.9
99 6.0
83 2.5
100 3.1
60 8.9
30 4.6
93 7.7
86 5.7
26 3.4
70 4.3
62 3.0
72 7.7
62 2.0
100 2.2
36 7.7
39 5.0
61 10.0
53 4.9
25 8.3
47 6.9
37 0.1
35 1.0
22 2.7
68 5.6
94 1.0
81 1.7
34 6.9
36 2.7
71 8.0
44 9.9
32 5.8
88 5.4
82 7.5
87 6.7
69 5.8
66 9.3
93 4.5
94 6.8
82 1.9
90 0.4
67 2.9
99 1.6
21 7.0
62 4.9
34 9.2
25 0.3
58 4.7
98 6.6
89 9.7
39 9.7
89 5.1
37 3.5
64 9.6
65 1.5
32 3.7
43 1.6
22 6.8
70 8.0
56 3.7
47 7.1
22 7.6
65 6.1
94 0.9
37 6.9
51 6.1
79 8.9
80 2.4
70 7.2
52 6.5
94 6.2
32 7.6
90 9.7
21 9.1
27 2.2
55 3.5
35 6.9
42 8.2
76 2.1
41 1.6
63 4.5
79 4.4
69 6.6
80 9.3
26 2.7
96 9.4
62 4.3
85 3.7
26 5.2
24 4.1
100 2.2
58 8.6
65 6.4
49 9.3
25 5.1
44 4.8
48 6.9
25 0.7
41 1.9
87 3.6
78 6.9
100 5.8
58 1.0
34 2.8
76 7.8
54 4.4
26 3.4
61 6.9
84 2.1
92 2.7
86 4.1
84 9.3
51 1.1
41 9.5
40 1.1
60 8.4
71 0.9
65 6.5
65 3.9
45 6.6
98 6.8
33 1.2
35 8.0
26 2.2
32 5.0
88 3.2
89 9.7
69 4.6
86 3.7
22 3.2
41 7.5
79 3.1
80 0.8
97 5.5
35 2.2
42 7.6
60 1.1
27 3.7
47 5.2
32 4.0
81 0.9
50 9.1
71 5.1
63 1.1
36 0.9
84 2.8
30 1.2
27 2.4
91 6.8
82 0.2
53 7.4
34 9.0
40 9.1
82 9.4
75 1.5
44 7.5
72 9.9
96 1.9
42 5.0
56 10.0
57 8.3
82 7.6
85 9.8
66 7.1
83 4.0
85 1.3
95 2.9
28 4.8
70 8.8
66 4.1
62 10.0
65 4.0
79 6.7
43 6.4
64 6.6
37 3.0
95 1.2
95 4.9
55 7.4
81 3.6
24 1.7
37 2.7
27 4.3
34 9.8
52 7.6
66 2.0
43 1.2
59 0.2
87 0.4
49 0.5
88 8.7
74 3.0
47 4.2
22 0.6
41 5.6
78 4.3
35 4.0
46 1.6
87 9.0
64 9.7
79 2.5
72 5.5
63 2.5
32 8.9
72 4.9
55 5.8
39 2.5
81 3.3
82 1.7
64 8.6
73 2.7
23 7.1
68 9.3
82 8.4
85 6.7
49 0.7
35 0.1
57 5.3
100 8.3
34 8.4
80 8.5
23 6.7
51 1.0
50 8.3
80 7.4
82 1.4
34 4.2
85 5.8
65 0.8
59 6.9
41 8.8
83 9.9
76 6.3
51 0.2
61 0.2
71 2.9
72 3.9
94 1.2
71 9.3
55 3.0
33 4.6
79 9.4
59 2.6
73 0.2
41 6.1
69 4.2
26 9.1
100 5.5
69 6.8
70 7.6
28 6.5
34 2.5
76 8.5
34 0.4
95 4.6
91 3.1
44 6.2
39 1.6
52 7.4
77 5.5
80 7.1
67 0.6
85 3.2
36 5.9
73 6.7
26 3.0
89 2.9
95 2.9
33 4.2
26 8.9
94 5.9
74 5.3
85 4.7
89 5.1
90 5.0
70 3.0
100 0.6
28 9.7
70 8.7
69 0.8
