160 286 1000
61 2.7
38 2.9
26 6.4
30 4.9
54 4.3
49 4.4
28 5.3
63 0.6
44 6.2
93 5.7
35 8.4
88 4.7
71 1.3
61 1.1
71 6.9
72 4.0
81 5.4
47 7.4
29 0.7
28 1.3
93 9.7
70 0.6
59 0.3
25 7.9
47 6.8
80 9.1
77 2.0
71 4.0
62 0.5
90 5.9
89 6.6
48 6.9
49 7.8
30 8.5
25 0.4
94 8.0
64 4.6
51 7.1
73 0.1
61 7.1
92 4.3
68 1.2
47 0.4
69 5.7
84 9.7
75 3.5
49 4.7
54 7.7
77 7.7
95 3.2
85 9.4
92 8.9
79 7.3
28 5.7
98 0.8
39 3.8
39 1.0
93 2.4
78 5.1
23 0.9
58 9.0
39 6.9
99 2.4
92 7.0
56 6.4
83 0.6
42 2.2
77 7.8
71 4.1
51 5.4
43 3.9
58 8.3
91 2.1
80 5.4
63 8.9
64 0.6
48 6.2
97 6.0
29 6.8
75 9.7
60 8.6
47 1.8
52 4.3
58 7.5
33 10.0
98 2.2
98 7.0
46 5.7
73 6.3
88 4.8
59 5.0
35 5.2
98 7.9
54 7.8
70 1.0
71 5.5
23 2.0
88 0.1
30 1.9
71 0.9
100 7.8
81 9.1
95 3.4
85 5.1
69 5.7
65 7.2
41 7.4
50 4.4
73 8.7
46 6.4
92 3.4
55 8.6
61 7.7
42 0.6
54 2.0
26 9.9
68 8.8
81 6.2
65 2.0
88 0.6
25 5.4
90 1.5
68 1.1
93 7.8
61 1.6
61 2.9
91 8.6
74 7.6
71 0.1
34 0.4
41 2.3
24 6.4
34 2.8
33 0.6
82 7.9
37 0.5
71 4.0
55 8.3
39 1.8
22 4.2
48 7.6
98 5.3
99 6.8
90 5.8
52 6.9
80 8.8
72 1.5
37 1.5
77 7.4
40 6.4
22 1.5
68 7.9
34 3.3
62 0.3
93 5.8
43 2.2
84 6.5
87 8.9
32 4.1
50 0.8
22 9.1
89 7.2
68 8.7
68 5.9
97 9.0
59 4.8
41 9.3
67 0.2
84 8.4
25 2.3
53 0.4
75 9.7
40 5.9
49 5.7
88 2.1
58 5.0
22 0.8
100 8.7
30 4.2
72 10.0
54 1.8
56 3.9
96 3.5
70 9.5
93 7.7
69 1.3
61 3.6
69 4.3
87 1.9
98 5.0
24 8.5
46 5.1
36 9.6
44 8.8
43 8.9
34 3.5
52 8.6
90 9.0
25 2.0
26 2.3
33 2.8
50 5.9
21 4.2
86 3.1
59 8.8
37 3.0
40 6.6
98 2.5
65 6.3
62 4.8
30 4.3
51 5.8
93 0.5
71 2.4
30 8.6
36 9.8
60 8.7
36 7.2
79 1.7
58 2.7
89 9.4
82 3.0
56 5.5
50 3.0
54 4.9
27 6.1
78 3.0
91 5.8
83 6.6
79 3.2
31 2.7
29 7.5
26 3.5
64 7.9
61 6.5
29 9.2
53 4.5
59 5.3
34 0.2
48 7.1
50 2.9
24 4.1
33 8.2
75 1.8
68 4.5
46 7.8
70 9.8
89 5.7
50 8.8
66 3.2
35 9.6
75 8.3
47 3.3
45 7.2
58 1.4
71 9.6
38 0.8
28 2.4
65 3.9
32 1.8
74 0.1
77 9.6
72 0.8
49 9.0
28 9.3
21 9.8
70 3.2
61 5.2
71 3.2
51 3.1
91 5.6
86 0.1
29 2.6
66 6.3
23 5.0
24 3.3
32 7.4
44 9.0
81 2.7
53 6.7
40 3.2
44 7.0
77 9.7
45 4.6
22 0.1
95 4.3
60 4.9
56 2.4
50 5.4
56 3.4
78 6.9
65 3.2
89 8.9
75 3.3
23 8.1
78 2.4
26 1.7
56 5.6
46 2.7
36 0.7
21 8.0
49 9.3
91 7.5
90 5.2
73 9.8
47 3.3
82 6.1
38 8.1
58 5.3
67 6.9
27 5.4
90 4.5
26 9.5
34 8.7
51 6.4
74 7.5
90 9.1
37 3.5
32 7.2
53 1.4
89 9.5
60 7.6
49 9.7
21 4.1
51 5.4
87 1.4
21 8.9
49 5.9
25 4.5
83 1.5
85 5.9
71 8.1
73 4.2
32 9.5
93 3.6
38 8.7
33 1.6
87 9.8
72 5.6
40 6.6
81 6.6
55 5.3
54 8.5
64 3.7
25 7.8
41 1.1
64 6.9
48 5.5
32 2.0
99 6.7
44 2.0
51 9.2
98 6.4
90 5.6
89 2.5
72 1.0
64 4.4
62 4.0
58 10.0
76 10.0
51 4.0
36 6.6
65 6.2
60 2.0
94 9.7
75 1.6
98 3.6
88 9.5
100 7.5
85 2.7
36 9.9
48 1.7
55 2.5
51 0.1
86 5.0
97 1.2
71 0.7
88 9.3
86 0.9
32 9.5
46 2.8
47 7.9
26 5.4
57 0.8
37 1.7
55 0.8
92 8.2
87 3.0
91 3.1
55 3.3
71 0.9
52 8.1
72 9.1
29 2.4
45 9.4
80 9.6
54 5.0
35 6.2
44 0.1
97 8.8
86 9.3
39 1.7
37 8.2
23 8.6
32 6.5
37 0.2
69 0.6
94 6.2
62 3.4
61 1.1
22 0.6
32 3.1
29 8.3
69 4.1
88 6.2
100 3.7
48 3.7
45 9.1
50 1.9
38 1.8
37 1.3
55 4.3
95 3.2
49 5.7
72 1.1
37 2.7
100 4.0
66 0.7
22 3.0
30 6.3
53 8.0
25 0.3
62 1.6
50 8.8
75 1.9
26 5.2
87 4.6
95 6.5
47 3.3
55 0.8
74 3.3
22 6.5
41 0.4
73 2.2
62 7.7
51 4.4
39 5.5
67 7.9
51 3.1
87 8.7
55 1.5
74 1.4
64 1.4
75 4.3
24 1.4
81 0.9
59 4.0
54 4.0
89 0.9
53 7.4
85 9.1
35 7.3
24 4.7
89 0.3
39 1.5
77 8.6
95 5.0
58 1.9
73 5.3
85 2.7
85 3.6
86 9.4
42 0.7
58 8.4
89 7.6
40 5.3
83 2.5
59 0.6
30 7.2
27 6.0
69 3.2
73 0.4
60 7.2
47 8.4
37 8.1
67 3.3
93 2.2
21 4.5
58 4.0
94 5.2
49 3.4
98 4.5
33 1.3
48 7.2
37 0.3
47 7.7
47 8.2
99 8.1
58 4.0
59 1.5
23 9.8
51 4.9
29 4.8
68 8.8
84 8.1
31 1.8
55 1.9
80 3.3
50 7.0
21 6.9
70 7.3
67 3.0
62 9.7
71 7.6
38 1.8
66 1.9
79 8.7
82 3.5
77 5.0
82 9.5
36 0.1
32 7.7
37 7.4
35 9.3
74 9.8
86 6.6
32 7.1
77 3.7
60 4.0
35 6.9
27 8.0
70 9.3
73 1.5
54 1.8
62 2.2
65 8.4
95 0.6
67 4.5
85 5.3
38 9.7
23 7.9
44 0.1
30 4.6
57 6.4
91 0.8
90 6.1
59 0.6
23 3.4
94 3.1
32 9.9
91 1.6
96 1.8
59 3.5
81 5.6
51 1.4
40 1.3
37 7.8
25 8.5
49 0.2
58 2.1
66 3.1
65 7.1
85 8.4
71 3.2
54 6.5
95 4.5
71 4.0
81 0.3
71 5.9
69 6.6
27 2.5
100 0.4
79 4.3
94 9.5
39 0.3
43 6.3
77 7.2
80 4.1
58 1.2
68 7.2
86 3.4
90 9.7
30 6.3
77 9.3
52 8.2
77 5.2
28 6.1
69 2.9
91 0.5
83 8.2
68 6.9
47 9.1
78 2.7
68 3.2
93 9.4
62 3.5
62 3.4
37 6.6
39 0.9
57 8.6
28 4.1
43 0.9
69 0.6
70 4.0
77 7.9
78 6.7
87 8.0
94 5.2
43 2.3
91 2.5
66 4.1
51 9.8
77 4.6
46 3.0
49 6.0
59 2.7
43 0.5
34 5.4
86 5.1
97 8.7
23 6.0
95 4.0
88 7.3
42 3.6
47 2.1
23 2.3
94 7.3
65 3.1
49 3.2
81 4.1
52 5.8
37 0.5
83 7.7
91 2.5
97 9.4
95 1.4
57 2.8
82 6.1
25 4.1
58 8.1
28 1.6
30 4.6
56 1.8
84 0.2
33 3.8
34 2.1
83 10.0
93 5.3
77 9.2
65 7.8
42 4.1
40 6.1
44 4.6
79 6.1
51 3.7
61 6.8
24 3.5
89 3.9
71 1.2
39 7.3
69 9.4
49 5.9
55 4.3
84 5.2
52 1.9
99 9.1
100 0.8
100 6.1
76 5.8
55 4.3
41 7.1
42 2.5
94 3.6
68 6.2
100 9.8
55 0.1
96 1.0
43 1.7
86 0.1
94 2.6
60 5.8
65 6.2
53 1.6
73 4.6
62 9.2
72 7.7
74 1.1
63 2.5
79 1.1
46 10.0
26 2.7
46 3.9
36 8.1
23 2.9
93 4.6
41 4.6
91 4.3
50 0.9
84 9.6
30 4.0
54 5.9
42 0.7
27 8.3
96 8.6
82 8.7
74 5.6
51 5.7
37 3.6
31 8.4
87 9.4
34 0.6
73 2.8
79 4.0
29 7.0
57 8.5
72 6.5
84 5.3
49 4.3
59 7.0
26 7.0
65 2.2
94 5.4
61 5.7
86 3.4
44 7.8
25 8.7
70 7.1
91 3.3
57 4.9
30 0.5
78 2.8
92 3.6
89 5.0
30 6.9
52 1.4
47 8.7
94 0.5
98 3.7
21 9.9
40 7.2
100 0.7
37 5.0
82 8.4
65 6.6
80 0.3
51 9.3
92 8.0
93 6.5
61 0.8
89 3.8
86 1.4
27 9.0
93 6.0
50 7.0
59 6.7
99 8.4
46 9.6
96 9.6
72 5.0
37 8.0
64 6.5
62 3.3
48 0.2
30 5.9
59 7.0
26 7.2
45 2.6
63 8.0
90 4.4
47 3.7
62 5.0
94 10.0
28 5.3
25 0.9
84 2.8
42 7.2
28 3.4
84 4.4
54 6.3
50 1.9
41 6.1
48 6.7
94 6.6
84 9.9
53 4.6
76 4.3
82 4.8
46 4.4
96 7.0
58 4.2
43 3.8
23 8.3
90 4.0
30 6.8
62 3.9
91 4.3
24 8.8
57 8.4
38 0.6
92 3.9
52 8.9
93 1.4
88 6.4
90 3.7
39 2.0
42 1.9
76 5.6
77 0.1
71 4.8
24 6.3
22 1.5
41 2.3
91 4.1
43 6.0
43 7.6
76 3.4
97 2.6
29 9.5
52 1.4
68 9.3
28 6.1
74 3.4
29 1.7
51 5.9
51 5.2
80 1.2
47 8.5
59 4.8
63 9.4
90 9.8
79 6.5
22 6.5
61 4.5
24 5.2
29 1.9
98 2.3
55 3.1
21 5.4
31 1.2
23 3.5
54 8.2
24 1.4
92 4.7
99 10.0
62 0.3
50 7.3
73 1.9
61 5.8
76 6.8
30 7.1
73 0.7
85 3.3
94 5.3
84 1.1
94 9.1
64 5.3
43 0.1
54 9.2
32 1.1
61 5.9
33 0.6
30 3.0
78 4.2
81 8.4
58 4.6
49 5.9
80 1.6
48 2.4
21 3.3
73 1.2
26 6.3
74 8.1
84 0.2
99 8.7
62 9.2
40 9.7
61 2.5
67 8.5
25 9.5
37 5.9
21 6.7
57 4.2
27 9.0
37 9.2
90 5.9
51 3.3
83 9.3
26 3.4
22 1.3
58 6.0
62 1.4
82 8.5
53 6.5
47 2.3
46 9.7
37 4.5
84 4.9
78 6.7
52 8.3
53 3.1
60 10.0
90 1.9
76 0.3
42 7.1
46 9.4
43 9.5
70 0.8
21 8.6
58 1.3
29 0.1
77 2.7
21 4.9
64 4.4
30 0.2
55 5.5
46 2.6
69 1.2
36 8.6
21 7.6
79 9.6
44 3.9
56 9.3
46 1.5
47 6.1
23 3.8
85 4.5
93 1.9
79 2.4
40 3.6
40 3.5
97 7.4
81 6.0
76 3.0
64 2.1
54 5.1
81 6.0
87 7.4
71 7.8
32 8.1
57 6.4
40 9.4
55 5.1
31 6.6
52 6.7
35 4.3
48 7.4
81 1.6
92 1.1
23 7.4
42 8.1
33 2.3
66 5.8
26 5.6
33 9.3
71 6.1
62 4.7
21 1.7
32 8.7
28 1.8
94 2.1
88 1.4
44 4.7
69 6.5
44 5.2
73 4.5
87 9.3
97 4.9
43 3.1
53 7.8
97 0.2
47 1.8
23 5.4
98 2.4
40 9.1
25 8.5
28 7.5
25 3.4
71 0.2
46 1.3
94 5.1
48 2.9
90 5.5
24 3.9
91 6.5
63 6.4
71 8.7
85 2.3
93 2.7
65 1.7
35 6.9
82 3.2
71 6.2
89 1.7
60 0.9
79 6.0
31 7.2
74 9.4
30 3.5
38 6.5
41 9.0
