2200 605 1000
82 2.6
59 4.6
97 0.7
46 5.1
67 1.6
61 5.9
98 9.7
22 6.1
99 7.9
81 6.7
45 8.3
77 7.0
74 0.7
47 9.0
32 5.6
81 6.0
25 4.3
21 0.2
21 8.4
55 1.5
25 6.0
26 8.3
39 2.0
44 6.5
74 4.5
67 2.2
38 1.0
77 10.0
46 9.0
91 7.8
52 1.8
87 3.2
27 8.6
56 9.8
30 4.3
89 1.4
74 3.0
96 8.8
47 5.8
63 1.6
41 3.1
87 4.4
22 4.2
25 5.9
31 2.6
21 3.8
60 2.4
39 0.5
27 0.3
98 6.0
64 3.6
100 9.9
80 2.9
34 1.6
43 6.5
33 7.2
65 8.1
79 7.9
92 1.8
67 0.1
81 9.2
61 0.8
36 9.0
66 1.7
99 9.0
49 0.6
97 3.9
69 8.2
85 6.0
86 4.9
26 6.6
57 0.8
29 9.6
28 6.4
63 0.3
57 4.7
29 6.8
41 6.4
37 0.7
41 2.6
51 9.8
95 4.0
60 5.8
82 4.1
69 3.1
26 1.0
70 6.8
61 1.0
29 2.5
42 2.3
21 9.1
34 8.2
40 3.8
38 2.2
36 4.2
66 9.9
70 2.6
69 5.6
78 2.3
93 1.6
26 4.8
33 5.7
87 5.1
42 7.9
60 6.9
38 7.0
93 10.0
65 5.4
59 8.2
55 3.7
81 4.0
69 2.0
79 2.8
90 3.7
76 9.0
79 1.5
49 1.9
53 9.1
64 7.3
58 2.9
94 8.1
58 0.8
40 7.5
80 7.4
45 8.7
100 0.2
57 2.2
42 8.6
56 0.6
84 5.7
94 4.5
45 0.4
85 5.7
39 4.9
64 6.7
76 9.2
76 6.7
32 2.8
59 8.9
39 2.0
53 3.8
28 5.1
88 8.5
47 0.9
36 1.7
23 7.6
45 9.6
24 2.0
97 7.2
29 1.0
67 4.5
50 0.8
89 8.3
93 1.2
64 4.0
85 3.2
77 2.4
22 5.5
49 0.2
47 1.2
30 6.7
85 4.5
44 8.1
73 5.8
66 7.9
67 8.9
49 9.3
79 3.7
33 3.5
24 2.9
85 5.4
70 1.4
43 3.4
29 2.6
57 2.6
77 3.7
26 1.5
94 0.3
77 6.4
36 8.0
68 9.2
44 4.2
61 7.6
87 4.9
23 8.5
52 3.8
28 8.2
30 3.6
57 5.8
84 1.3
60 8.2
75 3.6
66 7.1
81 7.9
88 3.5
22 1.3
37 2.9
98 6.4
74 3.5
67 3.0
72 4.2
50 8.9
77 0.2
29 3.0
80 9.0
65 0.7
85 7.5
45 7.6
92 9.8
43 9.2
60 0.9
89 4.5
80 0.8
51 8.9
50 8.5
77 7.8
86 6.9
99 1.7
48 2.0
76 9.3
88 2.4
100 3.4
76 8.4
58 4.0
99 0.7
22 4.6
88 3.1
78 3.1
84 4.8
54 8.8
32 2.1
80 0.9
31 8.0
84 5.0
39 6.6
47 8.5
75 5.5
82 6.2
50 6.7
92 2.2
59 6.5
29 3.9
66 6.9
99 8.8
29 7.2
22 7.5
56 1.3
28 4.9
86 4.1
98 0.2
99 9.9
84 3.1
51 8.0
70 9.8
25 5.7
30 3.3
81 8.7
38 5.4
83 2.1
46 9.9
74 0.2
38 9.9
77 0.7
97 4.0
89 6.9
40 7.8
77 0.3
35 2.1
40 9.9
48 8.7
91 6.4
62 9.7
90 4.1
71 6.7
25 0.9
82 0.9
72 6.3
29 5.2
43 2.6
49 3.8
93 3.3
94 7.1
96 9.0
95 0.7
86 1.1
89 1.3
96 7.5
44 5.0
68 4.7
37 4.0
54 8.2
73 2.9
53 8.0
92 6.1
60 7.2
34 1.3
46 5.2
93 6.4
77 9.7
84 0.7
87 1.9
30 10.0
44 5.2
59 4.5
51 7.6
50 2.4
48 1.7
74 3.2
64 8.3
85 9.5
71 1.8
28 4.8
34 9.9
72 2.9
54 8.8
89 0.1
37 2.6
36 1.1
96 3.5
94 4.8
53 5.0
30 6.2
81 1.6
85 5.7
88 9.9
37 6.1
95 2.0
71 4.1
40 9.8
37 2.5
22 5.5
64 3.5
26 3.8
35 4.7
87 4.0
45 3.8
63 4.5
25 8.3
23 0.7
51 0.6
43 6.0
61 0.5
66 0.6
33 0.5
100 2.3
37 0.4
89 1.4
68 1.8
83 6.0
46 4.9
92 6.1
33 1.0
49 8.5
47 0.6
23 4.8
26 4.5
25 9.9
37 1.3
74 8.1
86 6.5
70 10.0
88 0.3
80 1.0
26 2.4
90 0.1
90 9.6
99 6.6
85 7.2
33 4.7
75 4.1
23 1.9
89 0.5
65 4.8
90 0.8
48 3.0
72 6.2
99 0.9
93 5.0
96 1.2
52 8.9
27 7.1
37 0.8
93 0.1
55 4.6
92 6.2
56 8.3
82 3.0
24 7.9
50 4.5
32 5.4
70 1.1
58 5.0
75 7.8
80 6.2
34 1.9
42 1.6
50 8.1
83 4.2
56 8.9
22 6.8
43 0.9
60 2.0
56 1.6
43 2.7
45 2.5
83 5.4
61 5.9
95 9.7
100 8.8
44 4.5
69 5.3
82 7.0
91 4.4
27 9.6
46 2.9
52 8.8
75 2.0
47 2.6
77 3.9
64 7.2
51 2.8
66 4.8
96 8.7
64 8.6
94 7.4
27 9.5
91 6.5
42 7.9
97 7.5
79 0.5
37 9.6
38 7.2
37 7.9
100 6.8
73 8.8
30 9.9
82 9.3
53 1.9
88 8.5
70 1.2
33 1.8
36 9.4
25 3.1
59 3.9
34 8.9
52 4.4
79 4.3
98 9.6
72 2.1
31 9.7
88 7.7
71 5.9
93 6.3
40 8.4
25 1.6
43 8.6
27 5.7
44 1.7
75 5.6
56 0.7
43 0.4
87 2.8
59 9.8
98 5.5
61 3.3
95 5.8
44 4.8
24 6.7
51 8.1
31 0.3
52 2.4
64 3.3
85 7.9
73 2.6
79 6.8
64 0.3
40 3.9
90 1.0
100 6.6
47 5.3
98 5.2
36 8.0
57 6.9
72 0.2
23 9.2
36 7.4
69 2.6
34 9.1
32 2.2
26 7.1
71 2.5
57 1.6
39 1.5
54 8.2
81 3.0
24 1.2
96 7.0
43 8.7
40 3.4
24 0.7
89 4.2
71 3.3
54 1.9
86 1.3
67 7.7
99 9.4
45 0.8
37 9.3
70 5.4
57 7.6
36 4.7
92 6.7
25 2.6
32 8.6
23 6.6
33 8.8
28 7.9
77 5.6
61 7.2
95 6.6
48 8.7
48 2.3
26 2.9
34 5.0
97 8.0
26 6.1
79 5.3
61 6.6
68 1.5
45 7.7
71 1.2
43 1.8
33 5.3
83 5.9
58 3.6
85 3.0
47 4.4
79 7.7
79 2.2
100 6.3
24 1.8
51 4.7
76 5.8
46 7.2
68 8.0
90 4.9
46 4.7
99 2.9
74 1.5
45 9.4
93 3.4
64 10.0
34 9.5
43 6.3
63 5.1
78 7.6
89 9.5
71 8.4
51 5.3
71 6.2
81 1.8
60 7.7
87 7.1
37 2.3
58 1.8
81 5.6
47 6.9
28 8.5
34 3.5
77 7.9
36 0.5
74 9.4
65 4.0
29 5.7
26 9.9
63 2.6
61 7.7
58 2.9
47 1.1
37 6.1
67 1.6
81 7.7
39 1.7
39 0.9
49 1.5
46 0.9
89 9.9
61 8.8
65 8.3
35 9.5
96 4.0
97 7.0
98 5.5
68 5.9
58 2.3
64 7.2
41 6.4
96 2.6
23 3.3
65 0.7
57 3.2
100 2.8
31 7.6
39 9.2
54 5.5
47 6.2
35 9.3
75 1.3
98 0.3
45 1.2
46 8.6
31 4.6
94 2.1
28 1.6
31 4.9
59 3.1
92 4.0
33 10.0
28 0.5
33 0.3
97 9.0
27 6.4
91 5.2
44 8.8
24 2.5
68 2.0
54 0.8
38 3.9
39 4.6
21 9.4
89 7.2
43 4.6
85 4.1
90 7.9
41 8.2
96 8.6
33 2.2
24 4.5
30 8.8
37 4.1
53 7.2
23 0.7
83 2.3
49 7.1
22 9.8
68 5.0
62 8.6
23 3.1
23 9.0
78 0.5
66 2.8
66 6.5
37 8.8
93 8.6
93 4.8
74 3.5
22 5.2
81 8.4
86 9.0
56 2.4
48 4.0
87 1.1
48 5.1
72 8.0
28 9.3
92 1.0
59 9.2
46 3.2
62 2.6
56 1.1
39 5.7
81 4.4
60 2.1
60 5.0
58 9.8
76 4.6
57 3.6
83 4.3
64 0.6
88 10.0
39 0.8
35 1.4
88 5.0
89 4.0
76 7.4
60 8.0
21 1.5
51 5.8
36 8.7
65 9.6
25 5.9
72 4.9
85 5.0
66 5.2
43 6.4
38 1.2
53 4.4
92 2.5
21 0.2
30 1.0
64 7.4
100 9.3
30 9.9
42 8.1
33 1.2
86 0.1
51 1.3
37 0.9
25 5.0
55 8.3
71 1.6
33 5.2
41 6.3
98 4.3
80 7.8
54 2.3
26 6.9
95 9.0
53 6.2
98 2.9
31 0.6
80 3.1
79 2.7
64 6.5
26 0.4
72 1.8
75 2.8
91 6.9
30 7.6
93 5.3
43 3.2
49 2.6
60 0.3
53 4.8
71 3.6
92 3.4
66 3.2
50 4.4
84 9.4
38 2.1
94 8.2
66 8.2
55 4.3
57 2.7
26 4.8
84 3.3
46 4.5
91 3.1
39 2.1
66 8.6
65 2.7
39 4.2
71 0.6
46 8.6
80 3.4
27 4.5
88 5.5
75 3.5
89 8.3
80 0.3
89 9.4
41 4.8
99 2.6
43 1.1
91 7.0
73 5.9
89 1.8
24 1.2
33 9.4
83 9.0
35 9.3
47 6.9
48 9.6
59 7.9
89 4.4
57 8.9
95 8.2
65 5.2
91 1.0
33 0.6
44 10.0
99 6.2
35 7.0
37 1.9
78 1.5
62 8.2
37 4.4
57 8.9
27 8.1
68 5.4
46 9.9
31 9.1
57 3.0
60 8.8
25 5.6
54 1.9
60 6.1
97 3.0
32 1.8
53 4.9
68 3.6
93 7.5
46 8.7
47 6.5
96 8.4
75 3.8
26 9.7
32 2.9
45 0.8
57 9.0
22 5.4
48 1.7
75 0.5
22 3.8
42 7.6
35 0.6
78 8.0
89 6.9
61 4.6
30 2.1
100 8.4
63 5.0
90 6.5
75 3.6
25 3.9
54 7.8
77 1.7
62 3.1
46 8.4
81 9.6
27 3.4
91 0.4
84 2.0
90 5.7
37 7.6
46 4.5
63 6.0
97 4.6
58 0.7
81 6.1
97 9.6
95 6.3
62 8.6
89 5.6
23 5.5
82 5.7
24 5.7
76 7.3
35 7.8
25 1.8
43 5.4
81 8.9
23 9.4
92 2.3
63 0.1
38 6.5
100 0.4
29 4.6
48 2.8
68 5.2
73 7.5
83 1.2
64 8.9
72 5.9
97 3.2
25 2.2
27 8.7
68 7.1
36 6.6
46 1.6
77 0.4
81 2.4
88 3.9
73 1.4
59 3.8
46 4.1
39 10.0
65 9.1
97 4.9
65 1.8
92 0.9
30 2.6
51 0.7
47 6.9
92 6.2
47 10.0
68 4.7
90 2.9
92 2.9
88 4.5
75 3.5
94 1.2
21 9.1
99 6.1
68 3.2
29 2.3
59 8.6
26 8.0
57 7.2
81 2.9
41 6.7
26 8.8
78 4.1
92 8.4
39 5.5
65 0.7
35 6.8
70 1.6
54 0.9
100 3.2
79 1.2
84 6.1
93 9.6
44 1.8
98 6.8
23 5.8
65 6.8
81 3.1
68 7.1
99 0.7
71 4.7
37 5.6
73 0.8
99 6.8
32 1.8
68 5.0
68 3.6
95 3.0
25 2.0
83 6.6
27 0.7
69 3.1
45 5.3
77 2.3
72 10.0
31 3.1
67 8.9
86 3.5
38 5.8
91 4.8
21 8.1
92 0.1
49 3.1
76 4.7
62 9.1
27 3.9
52 2.7
45 8.2
37 1.3
45 9.2
44 6.6
33 0.1
44 1.4
100 8.1
57 4.3
65 9.9
27 6.4
26 1.0
32 9.9
25 3.9
69 9.4
46 4.0
97 9.3
39 1.3
34 4.0
22 1.0
93 8.4
77 7.8
73 0.8
92 1.4
52 1.7
62 3.0
70 3.6
50 4.1
24 1.9
86 4.8
44 6.7
38 6.3
44 9.8
89 8.9
45 2.7
52 8.4
81 4.7
40 3.7
41 1.0
41 4.9
62 5.9
72 1.1
28 6.5
30 9.8
28 4.5
71 3.2
45 9.7
25 8.8
49 5.8
96 3.8
95 6.9
24 6.3
32 2.3
28 6.6
