460 197 2000
100 9.2
49 0.7
52 7.4
100 1.5
97 6.1
58 0.3
35 3.4
57 0.2
87 6.0
34 4.8
24 5.1
48 5.1
41 6.6
39 6.7
33 7.6
85 4.8
81 4.1
59 9.6
44 7.1
34 3.6
74 7.2
57 9.6
63 9.7
35 5.3
42 5.7
83 7.6
52 5.4
29 8.8
44 4.9
63 1.9
36 7.8
75 3.0
80 6.2
34 1.8
83 10.0
85 3.8
98 2.3
65 1.4
62 5.1
26 0.4
30 8.8
63 4.7
76 3.5
32 2.7
91 1.5
61 0.3
27 4.5
92 0.1
64 8.5
80 7.9
97 5.2
51 9.5
48 9.0
58 4.5
48 2.9
74 5.0
31 6.7
88 1.6
68 5.6
52 7.9
53 9.7
80 3.0
45 5.6
33 7.1
67 5.4
40 3.5
62 0.8
85 0.5
68 1.4
28 7.5
41 0.4
56 6.8
92 1.8
90 9.0
44 6.7
41 8.1
67 9.2
97 1.5
53 2.5
36 2.7
26 2.5
53 9.5
79 3.8
58 9.3
89 9.9
65 9.6
70 8.5
86 0.7
83 8.0
56 2.7
71 0.9
67 9.6
57 6.2
30 7.1
23 0.9
72 3.4
28 6.9
75 1.6
56 0.1
36 1.0
69 1.4
31 9.6
88 2.4
34 9.4
25 0.7
29 3.9
98 0.9
74 1.3
54 3.3
52 1.7
92 0.3
31 3.1
63 7.4
37 1.1
25 4.6
41 3.6
69 9.1
48 7.0
56 0.9
86 3.4
82 6.6
30 8.5
42 8.6
44 5.1
33 9.4
32 7.0
84 4.0
36 3.6
31 3.7
88 4.2
67 0.9
52 7.4
100 2.8
94 1.1
21 6.9
27 0.6
85 3.9
55 8.1
26 4.5
73 5.1
77 10.0
94 5.1
67 9.2
49 4.2
56 7.2
32 2.2
68 1.7
84 5.7
37 8.5
80 1.4
34 7.0
34 6.7
91 2.2
75 9.0
60 8.4
54 8.4
56 6.7
60 8.0
38 7.2
27 2.0
87 0.7
49 1.7
41 8.5
29 4.2
23 8.7
98 7.8
76 2.0
44 5.1
63 2.3
40 3.0
39 8.6
77 4.6
23 7.9
88 8.2
80 3.1
84 1.5
61 8.4
56 4.5
44 1.8
54 1.4
66 2.3
92 0.1
51 6.3
67 6.7
33 6.8
35 6.7
64 2.6
27 6.0
62 8.1
32 7.9
39 5.8
89 5.2
61 5.9
26 7.5
22 0.9
42 8.5
39 4.6
25 8.3
31 8.4
32 0.2
94 9.3
40 2.2
45 6.6
66 7.4
38 8.2
82 9.9
92 8.2
67 3.0
77 0.1
68 2.6
46 4.0
74 9.1
84 7.3
36 2.7
94 0.7
23 2.0
91 5.1
93 6.5
95 5.9
73 6.6
87 5.8
44 7.0
98 7.2
42 2.5
84 9.4
28 7.0
75 8.3
27 9.7
49 8.5
38 3.5
84 9.4
39 5.9
91 0.7
48 2.0
55 4.5
41 3.7
47 4.7
61 2.0
86 3.5
32 9.0
44 3.6
48 3.2
31 9.9
52 9.4
45 2.8
42 1.3
90 4.7
79 3.6
69 4.1
54 6.0
52 5.6
82 1.7
26 4.9
52 8.1
88 1.6
52 5.6
63 3.9
84 8.5
44 3.7
98 9.9
53 1.0
76 6.7
50 0.6
53 4.4
66 4.7
78 1.1
99 0.9
22 6.2
76 3.3
32 8.4
64 0.1
31 2.7
78 2.9
73 5.6
51 3.6
70 5.6
78 0.6
23 0.7
66 5.2
33 5.2
30 3.4
62 5.0
95 1.4
45 5.2
37 2.8
33 6.5
59 1.5
59 8.6
87 4.6
84 2.4
35 2.4
71 3.6
72 5.2
22 4.0
87 0.2
82 0.6
54 2.4
84 0.7
65 6.8
49 9.8
92 2.8
22 5.8
47 2.0
58 9.3
78 4.5
84 1.9
23 1.8
76 3.5
93 5.0
69 8.0
69 1.6
22 2.8
58 5.2
40 6.2
82 5.7
52 3.5
54 9.3
63 10.0
86 2.0
27 8.4
24 9.4
96 2.0
91 2.4
100 7.8
67 6.5
97 3.7
53 9.0
72 1.8
28 7.0
40 4.7
24 5.6
23 2.4
79 4.4
77 3.0
80 5.5
44 7.0
44 7.4
39 6.2
40 3.6
34 1.4
23 2.7
53 2.8
86 5.9
46 5.1
96 4.1
92 4.5
54 3.1
52 5.5
33 6.9
79 8.9
99 0.6
99 4.0
82 8.3
49 2.9
37 3.9
42 2.0
99 3.0
63 6.9
64 10.0
73 7.8
61 4.4
100 9.2
64 3.4
24 4.1
45 1.8
23 1.8
62 9.3
22 6.0
72 3.1
77 5.6
56 0.7
89 10.0
58 3.1
26 7.5
45 2.6
41 3.0
28 7.1
24 7.4
71 0.9
98 2.5
31 0.5
38 6.0
51 7.4
37 7.3
90 4.2
52 3.1
38 10.0
92 8.3
90 5.2
100 6.8
97 9.0
71 1.1
87 2.9
39 3.0
57 8.7
71 7.5
94 1.0
28 6.1
77 4.8
46 9.5
42 5.5
38 9.3
48 7.1
87 2.6
89 7.9
59 6.6
53 8.5
44 0.2
76 3.8
57 4.9
51 8.9
97 8.5
43 7.5
75 6.7
74 5.0
25 2.4
57 2.3
74 3.3
39 6.0
64 1.2
58 6.2
92 9.4
70 4.2
75 6.3
58 3.3
49 7.3
50 2.5
46 7.7
32 0.7
37 2.5
66 5.8
27 2.9
91 1.2
99 9.2
89 9.5
52 5.1
26 1.5
84 7.4
76 3.2
35 2.8
84 6.4
38 9.5
95 9.3
62 9.9
84 7.8
27 8.6
80 8.5
24 6.0
89 0.2
25 6.6
84 9.6
34 7.7
47 1.5
98 3.2
80 6.3
32 0.9
28 9.1
25 5.9
35 8.2
88 2.5
86 2.2
97 0.1
72 8.6
60 4.1
59 9.0
61 9.8
34 7.1
31 5.5
41 0.6
52 9.5
22 8.5
90 9.3
75 9.4
68 6.2
83 6.9
21 5.5
32 3.8
72 2.2
82 5.4
98 7.3
77 8.3
73 8.6
77 1.5
98 7.4
36 9.2
41 9.1
84 8.5
69 4.7
71 6.1
41 5.0
100 2.0
37 1.8
22 9.0
35 0.4
76 2.0
96 3.5
44 0.4
62 7.8
77 1.4
88 4.8
84 4.4
95 5.0
57 9.0
67 0.9
93 9.9
34 2.4
73 8.9
26 6.8
21 0.4
84 0.2
30 5.7
89 8.1
88 9.1
86 7.4
24 4.3
50 2.2
26 9.7
22 0.5
58 6.5
96 9.9
40 2.7
32 3.4
35 2.2
75 8.5
24 7.3
96 7.4
82 7.4
28 4.2
83 9.5
100 2.6
33 6.6
68 6.2
47 4.9
44 8.8
50 1.5
84 1.1
41 7.6
77 8.2
65 5.2
66 7.7
48 5.1
42 7.9
58 2.1
100 2.6
50 8.1
35 3.6
28 3.6
25 6.6
38 6.2
82 3.3
81 8.4
38 1.6
49 9.6
30 2.2
50 10.0
80 7.6
59 5.9
68 7.8
30 8.6
89 1.6
76 2.7
36 6.1
58 9.4
78 5.5
79 6.2
71 7.8
47 5.5
39 6.0
83 4.6
44 6.0
80 7.8
72 4.5
49 7.8
100 3.2
77 9.7
94 7.4
72 2.8
68 0.5
56 7.1
100 7.8
34 4.1
43 6.1
89 4.9
85 6.9
70 0.2
90 5.2
54 8.7
34 6.9
34 5.7
78 0.5
44 1.9
51 3.7
100 9.0
68 2.6
84 8.7
81 0.9
33 5.2
47 1.9
35 2.9
90 4.2
81 5.4
36 0.8
76 1.7
74 6.1
58 0.8
37 6.3
100 5.9
53 1.8
43 3.5
34 3.4
90 5.3
48 5.1
73 1.5
67 9.6
39 9.3
44 5.7
97 0.4
46 8.7
57 4.5
96 6.3
33 0.7
30 7.2
24 6.1
28 0.8
94 9.9
96 9.1
67 6.4
64 3.2
98 1.1
24 3.2
21 8.2
93 6.8
80 7.1
99 0.2
33 4.0
42 4.0
53 9.2
47 10.0
79 0.9
61 7.5
30 3.0
42 0.7
56 1.0
66 0.7
77 8.9
95 7.3
68 7.3
62 0.4
63 8.5
72 1.5
88 5.8
48 8.6
82 6.7
93 1.8
54 2.6
72 6.1
96 9.2
37 4.8
62 6.5
31 5.7
86 5.8
73 6.4
33 8.4
88 7.3
63 9.3
57 4.1
31 4.6
46 2.1
29 0.2
28 9.7
65 7.2
59 8.6
43 6.4
61 2.9
59 9.6
49 9.1
67 9.4
88 5.2
94 7.0
67 5.8
82 5.4
42 4.6
38 3.7
88 9.0
68 2.7
52 0.9
75 5.1
96 4.8
86 3.6
71 1.7
64 5.7
87 4.2
67 3.5
46 8.6
37 2.8
51 1.8
32 4.2
72 4.9
90 5.6
97 6.6
81 3.8
57 3.1
52 10.0
92 2.0
28 1.5
80 3.1
62 9.0
71 7.2
83 8.5
28 1.7
53 9.1
87 9.2
47 4.5
90 2.0
55 1.6
37 5.0
56 9.6
34 3.7
50 9.9
32 5.1
60 2.0
77 4.1
86 3.0
39 6.9
53 1.0
54 9.6
100 3.4
61 9.0
91 6.4
91 7.8
88 1.8
65 6.7
87 2.5
69 0.5
50 6.7
60 6.8
36 8.5
28 6.9
51 9.7
68 4.6
26 4.2
77 7.7
63 6.9
91 0.4
32 1.5
49 9.7
70 5.5
56 6.9
53 1.2
25 1.5
40 5.9
74 7.3
37 5.8
34 8.9
83 0.1
31 4.6
74 7.6
68 1.4
71 4.7
54 9.9
44 2.9
75 0.2
87 0.5
81 3.5
21 1.0
21 4.8
93 7.4
48 4.7
53 0.1
94 2.5
30 4.3
76 3.4
58 7.1
95 6.6
21 6.0
64 1.8
49 4.8
95 6.7
32 4.0
85 7.2
83 3.6
32 8.6
48 4.5
34 4.5
57 9.0
21 5.4
30 1.2
68 0.5
22 5.1
81 8.9
55 3.6
70 8.1
34 3.3
90 2.0
84 1.5
53 1.1
39 7.0
50 1.3
71 4.7
78 9.9
89 1.6
87 0.4
24 8.5
69 8.0
38 0.2
45 4.4
84 4.5
96 8.3
53 5.4
100 4.0
70 8.0
84 1.1
33 5.5
82 1.4
96 9.4
65 2.0
96 8.1
57 5.5
82 2.8
96 0.5
46 7.7
23 9.1
21 9.5
85 9.7
65 9.7
59 5.8
100 7.0
73 5.8
78 0.1
72 7.6
59 3.7
33 9.2
92 0.6
76 3.8
78 9.9
43 5.4
89 9.1
67 9.5
28 3.3
54 7.1
96 6.4
39 5.5
94 1.1
33 6.3
49 8.1
60 8.9
65 6.9
99 7.8
75 2.2
21 3.6
93 4.2
80 2.8
78 2.3
86 1.8
34 4.5
97 3.2
79 6.8
87 6.6
95 1.7
91 6.5
92 3.0
23 4.3
66 1.9
55 1.7
30 7.5
70 8.3
95 9.1
93 5.3
30 1.8
84 2.7
52 5.5
65 8.1
92 3.8
66 7.4
34 9.2
92 2.9
57 5.0
34 2.9
99 5.9
89 2.4
89 2.5
52 6.5
98 6.9
85 8.2
68 8.2
82 9.1
23 2.8
45 9.7
40 1.6
57 1.7
48 2.9
77 4.6
59 0.4
21 4.0
46 9.5
67 9.2
51 4.8
97 2.0
81 8.8
94 9.5
23 8.7
37 7.7
52 6.8
38 3.6
54 6.0
35 8.4
80 0.9
42 3.5
82 2.3
89 7.2
39 7.6
88 8.8
100 3.2
69 3.7
71 5.0
36 10.0
68 7.0
82 5.7
94 1.5
45 2.9
92 3.8
33 1.4
39 0.4
21 4.1
54 9.9
41 2.1
51 8.9
92 5.8
85 8.0
48 5.5
61 4.5
22 2.7
88 3.1
47 0.2
26 5.3
60 8.5
96 3.7
59 9.8
41 7.2
83 3.4
90 8.8
93 8.4
67 6.0
89 2.4
83 0.7
91 6.9
88 5.2
39 3.8
69 3.2
98 8.7
54 0.1
76 8.8
77 5.4
99 7.9
87 6.4
94 1.3
92 1.2
80 6.3
73 5.3
92 8.3
78 4.6
71 2.0
78 4.0
32 1.9
26 0.3
96 8.7
70 1.8
79 0.1
31 0.3
34 5.3
66 1.6
35 0.1
68 5.6
92 5.7
65 7.2
25 1.1
39 4.0
76 0.5
82 6.7
59 8.1
81 3.5
80 8.0
51 0.4
55 6.0
100 1.0
40 6.4
72 5.6
85 5.0
50 6.9
75 7.0
44 6.2
51 5.9
80 4.9
94 7.0
37 7.8
58 6.5
59 8.5
25 4.2
61 9.5
63 8.2
92 1.7
32 1.1
86 0.1
59 3.8
100 6.3
72 0.5
96 0.2
88 5.5
65 4.6
85 1.4
88 1.0
81 3.5
55 7.2
81 5.5
91 6.9
80 5.6
43 7.8
59 4.3
54 5.4
46 6.8
64 1.7
62 6.9
75 1.6
51 0.3
80 1.6
67 8.7
24 8.7
57 8.6
27 8.2
96 10.0
57 4.1
79 5.1
53 6.3
67 6.0
49 1.1
94 7.1
54 7.2
40 6.9
81 6.3
90 8.5
39 6.3
35 9.0
81 2.3
30 3.4
42 6.1
93 6.1
42 6.6
29 1.1
50 5.3
60 1.5
31 5.5
45 0.5
49 3.3
97 1.5
60 4.2
34 5.7
84 10.0
39 7.7
62 2.1
83 2.7
31 2.3
30 2.1
55 3.7
55 5.8
27 4.8
95 1.3
86 5.8
21 5.2
54 6.9
21 1.5
43 9.2
26 5.4
21 5.8
26 5.2
56 7.2
92 3.5
32 4.5
45 6.8
31 8.8
39 8.7
44 5.7
47 0.7
25 8.1
95 2.4
21 1.3
97 8.4
70 9.1
44 8.8
42 7.8
79 7.1
37 5.8
51 5.8
31 6.6
49 8.9
72 9.1
99 7.4
67 0.6
88 0.6
26 7.6
60 5.8
87 6.5
64 3.3
24 5.3
66 4.4
88 1.9
97 4.2
27 4.9
71 2.1
38 9.1
51 7.4
45 5.6
29 6.9
49 3.4
45 6.7
73 8.1
64 1.6
96 8.4
79 7.9
37 3.7
64 8.8
83 5.2
36 2.5
92 0.3
58 7.5
89 8.9
74 1.4
65 3.4
98 10.0
87 9.6
41 0.2
38 2.5
51 8.9
78 9.7
74 3.9
86 3.5
85 5.9
98 6.2
67 3.0
28 6.9
33 9.9
89 9.2
81 0.1
91 1.4
95 6.9
27 5.8
96 7.1
77 2.5
82 9.4
90 9.3
78 3.0
74 8.1
95 7.4
33 4.9
99 2.0
73 8.5
57 9.8
46 9.8
47 2.9
91 2.4
41 5.7
100 0.1
47 8.9
73 9.0
95 7.3
54 2.7
58 7.2
71 4.9
55 2.8
91 2.6
95 0.9
35 7.5
64 0.3
76 6.7
47 9.5
36 3.1
36 2.1
43 2.2
26 1.9
35 1.3
61 9.6
78 1.5
73 8.8
72 5.0
81 8.9
63 2.1
76 6.2
84 5.6
25 7.2
82 2.4
89 9.5
67 4.2
95 9.5
60 3.0
62 7.8
100 8.1
71 6.0
59 4.1
41 10.0
81 3.5
48 0.5
44 7.6
39 9.8
41 3.2
28 9.0
71 5.8
40 2.8
87 0.1
70 8.7
100 4.9
78 3.5
48 6.7
91 8.7
78 4.9
58 3.2
24 9.4
65 9.9
39 4.6
37 8.4
90 9.7
37 6.7
78 2.1
22 9.4
90 9.5
48 8.6
99 1.6
57 0.8
28 3.3
41 2.7
81 5.1
72 1.2
78 5.6
77 7.1
36 0.2
99 4.0
62 3.2
51 4.2
84 3.2
92 9.6
72 4.5
33 5.3
61 8.4
36 6.9
74 3.3
41 5.6
43 2.0
50 6.5
22 8.8
28 9.7
91 2.6
71 4.0
75 1.0
27 7.9
95 7.2
87 3.7
38 1.5
27 2.9
52 1.8
29 4.1
27 0.7
84 7.6
45 9.4
55 2.3
44 9.9
96 3.0
86 1.8
94 0.5
53 9.1
38 6.8
65 8.4
95 2.2
77 0.6
25 3.0
49 9.8
25 9.7
94 8.6
42 1.7
32 7.5
86 1.5
98 3.4
55 9.9
47 8.9
47 1.1
44 2.4
31 2.7
54 7.9
65 5.8
47 5.9
100 4.8
91 1.9
70 6.4
47 8.8
60 3.4
56 3.1
78 7.5
62 7.9
76 1.1
70 6.5
23 8.6
67 5.0
74 10.0
67 3.1
40 5.3
50 5.4
82 5.2
47 8.8
27 1.8
26 2.1
84 0.8
38 9.0
63 3.5
64 5.7
87 4.9
75 8.6
93 0.5
22 9.4
25 5.7
56 7.5
79 1.6
35 1.0
35 9.0
90 2.8
54 8.9
57 8.4
90 5.0
81 4.9
88 3.2
74 3.2
91 7.0
49 0.6
64 0.1
99 7.5
24 9.5
79 1.5
98 5.9
38 8.4
22 8.2
60 7.4
47 5.7
52 6.3
97 9.5
78 6.4
57 0.3
71 0.7
88 1.2
44 9.4
39 5.3
53 9.9
83 3.9
62 1.5
29 9.5
99 7.3
100 2.9
23 7.8
37 5.4
48 3.3
75 0.3
26 5.9
50 8.6
41 2.3
74 8.5
100 3.2
97 9.4
85 5.9
94 3.8
33 0.4
60 3.9
27 1.4
84 0.5
31 0.3
30 6.4
49 5.8
32 6.4
28 2.0
83 2.2
54 6.1
40 8.0
82 1.7
54 0.9
41 4.1
61 6.8
52 7.8
77 0.5
36 8.1
23 6.3
42 2.7
90 2.1
28 9.3
93 9.3
56 9.8
31 5.2
26 3.9
56 6.2
81 5.8
21 3.4
57 1.7
29 3.4
40 9.2
60 1.3
26 8.9
44 3.2
82 4.4
98 1.4
79 7.9
98 3.2
24 0.8
100 2.0
42 1.8
26 7.2
96 8.0
86 5.6
72 5.0
74 6.5
27 7.0
85 8.0
63 9.1
30 1.7
81 6.0
70 7.9
26 4.9
85 4.8
37 2.8
37 7.0
31 9.5
91 2.9
31 2.3
74 1.4
73 9.1
73 1.8
69 9.7
86 2.8
60 8.0
21 9.9
37 9.5
77 0.6
60 2.4
47 3.6
62 0.2
83 5.0
89 0.6
68 2.9
97 3.8
25 10.0
90 8.0
97 7.5
89 2.2
94 7.9
96 8.5
51 3.7
94 8.5
88 3.8
94 1.3
93 1.7
95 3.5
96 0.6
78 2.7
91 4.3
89 9.2
36 5.4
44 4.6
94 4.6
33 6.0
73 5.7
97 7.9
72 6.6
60 7.7
49 6.7
92 1.5
48 4.0
77 10.0
29 9.0
26 7.3
50 1.8
31 6.5
100 7.1
60 0.9
46 6.8
37 8.9
85 8.7
74 7.0
32 9.7
53 3.4
41 3.7
60 1.8
95 7.9
56 3.2
93 5.1
49 9.9
70 8.1
93 5.4
26 9.7
68 7.5
55 0.2
22 5.1
50 9.6
45 0.7
35 1.9
94 3.4
40 4.4
54 9.9
52 3.4
26 2.8
34 4.2
26 9.7
33 3.1
28 6.6
79 2.7
45 4.1
95 3.8
94 5.1
61 1.2
34 7.7
21 9.6
32 6.8
81 3.7
94 2.5
92 3.4
86 5.3
95 1.9
86 10.0
59 4.8
60 2.5
22 1.0
97 9.3
21 9.3
67 6.1
69 6.6
70 0.8
88 7.0
22 3.9
93 1.5
87 5.0
28 3.2
43 3.4
55 3.7
41 7.8
22 8.6
76 6.7
72 4.7
52 0.5
41 0.8
99 1.4
42 8.9
31 6.4
87 5.8
45 6.8
62 2.7
66 1.9
25 0.9
50 6.2
29 5.2
31 4.2
33 7.6
30 4.4
24 8.9
27 4.2
79 5.2
58 0.9
42 1.5
40 5.1
28 5.4
67 8.7
31 7.8
30 6.4
47 7.2
46 9.3
68 2.5
42 4.1
38 2.4
22 2.1
47 3.9
24 5.5
97 2.0
75 0.8
70 7.8
65 1.2
77 2.9
44 4.4
99 1.9
25 0.9
93 5.5
75 4.5
81 1.5
67 6.3
62 1.6
60 7.6
50 5.2
92 8.8
93 3.6
67 3.7
60 1.4
81 3.1
74 3.2
74 10.0
100 5.8
62 6.5
40 1.8
50 0.3
70 8.5
23 3.7
44 1.3
57 0.4
74 3.4
86 7.0
100 4.7
60 8.8
46 6.2
70 2.9
98 8.5
84 3.0
85 5.0
41 3.2
38 4.9
67 1.3
57 9.9
75 2.8
81 5.1
70 1.1
60 4.2
67 2.2
28 2.8
24 1.4
75 6.1
21 6.7
62 8.9
65 2.3
82 0.5
64 10.0
35 6.0
90 8.8
77 2.1
75 4.2
24 4.4
66 1.9
82 8.7
63 5.3
64 8.2
37 3.5
53 5.1
86 4.6
38 2.2
77 8.2
94 8.2
43 4.7
98 9.2
30 0.3
24 1.8
39 2.3
42 8.3
77 6.3
32 2.8
66 6.2
31 3.7
41 3.3
59 7.6
26 0.4
91 3.7
84 2.7
22 9.4
94 4.1
85 1.1
63 9.9
46 6.0
70 5.6
59 3.5
40 9.4
99 7.9
38 3.4
26 4.7
86 5.4
30 7.9
89 2.1
45 6.5
37 8.7
62 0.4
61 3.9
54 1.1
72 7.7
68 1.5
38 6.3
77 4.3
40 7.3
46 0.4
65 4.7
25 9.4
88 1.1
81 0.7
45 1.2
39 1.2
33 0.8
65 2.6
72 8.6
98 1.0
45 0.8
33 5.5
60 0.5
93 2.8
67 7.9
95 1.8
38 6.5
39 8.6
69 7.6
21 0.6
75 3.4
48 6.1
77 5.0
100 2.6
64 1.8
27 5.7
77 2.1
57 5.3
97 8.5
99 8.6
97 0.4
41 8.8
57 4.4
36 5.8
76 9.0
76 2.5
44 8.4
43 7.3
77 8.8
53 2.4
99 5.8
86 2.2
51 1.5
34 8.4
38 4.1
87 9.0
94 5.4
58 3.3
26 2.7
100 7.0
25 5.6
86 1.5
63 9.4
72 8.5
91 0.7
24 8.8
43 1.9
77 0.6
33 4.8
36 2.4
97 5.2
42 9.0
87 4.7
55 2.4
57 4.6
30 1.1
96 4.0
72 2.8
89 3.9
100 0.8
79 1.1
91 3.9
53 0.4
78 3.5
37 4.4
67 5.1
95 3.8
26 1.2
91 1.9
78 8.2
68 2.2
63 9.4
96 7.4
68 1.7
88 3.2
87 3.4
71 1.6
67 5.0
87 0.3
44 6.1
24 9.2
72 4.3
99 5.4
98 6.0
28 1.7
68 8.1
21 6.7
72 6.0
98 5.3
43 3.7
29 2.4
70 2.7
82 5.0
63 4.6
74 9.6
45 6.3
59 4.4
88 8.3
24 9.7
71 1.3
45 0.3
23 4.5
86 8.0
44 7.8
43 3.5
66 4.4
49 0.5
80 3.2
32 5.9
84 0.1
66 5.4
28 4.7
76 1.7
91 5.1
27 0.2
79 2.7
38 5.2
78 5.2
81 4.9
86 4.0
54 4.6
60 9.8
51 0.6
68 6.6
70 0.1
32 4.4
82 3.3
56 4.5
33 9.0
72 3.3
36 4.4
86 3.4
46 5.6
23 2.9
28 5.4
98 6.7
46 7.1
44 5.7
23 9.5
59 2.6
87 4.7
27 5.3
28 8.2
69 1.6
76 0.8
40 1.4
63 3.5
58 4.4
95 1.9
24 5.6
74 5.9
99 0.6
35 6.3
53 8.4
40 8.0
74 8.5
45 8.3
84 5.9
96 3.7
43 4.6
55 8.0
97 8.0
45 2.9
33 4.2
40 5.8
66 6.4
96 2.3
61 3.2
66 3.6
61 4.0
26 0.9
51 9.2
49 1.1
33 4.4
44 2.3
69 4.5
89 7.8
45 2.1
87 1.7
48 9.1
39 0.6
26 3.6
94 8.8
75 4.3
51 7.1
56 9.1
66 6.7
85 7.1
32 4.4
81 4.0
76 5.5
35 5.3
81 3.9
100 2.6
61 2.9
55 3.0
77 0.9
81 0.7
36 9.1
27 6.7
85 1.1
41 0.2
95 7.9
25 2.6
71 1.1
93 3.5
43 3.7
26 3.5
41 6.3
93 8.8
84 3.5
82 7.3
47 2.9
63 6.2
95 5.3
79 5.7
53 6.3
38 4.1
54 0.9
38 3.4
73 5.4
68 6.3
82 6.0
82 8.1
86 1.5
35 10.0
38 4.4
75 1.3
66 3.8
98 3.9
91 8.6
31 9.3
23 0.1
84 7.7
48 6.1
47 5.2
87 3.0
63 1.4
56 0.8
41 1.2
38 2.5
31 5.6
53 0.3
53 1.9
78 2.6
52 2.7
52 9.3
38 8.2
92 5.8
72 8.1
32 7.7
51 1.0
72 1.0
29 2.7
33 5.0
95 7.0
67 8.4
41 5.4
26 9.9
34 3.6
93 9.6
86 6.6
48 6.4
50 5.6
61 3.6
71 2.5
42 3.8
46 1.8
50 7.7
56 9.4
50 4.6
75 2.8
46 4.9
44 9.1
99 5.9
33 8.5
29 6.4
95 4.9
39 7.7
55 7.5
79 9.8
89 8.3
46 6.5
22 6.1
32 3.1
48 5.7
29 4.6
85 8.2
39 4.3
34 6.6
99 4.6
57 6.4
29 6.1
32 2.0
30 0.1
78 2.5
80 7.2
65 3.0
95 1.7
49 9.9
93 8.5
46 1.1
97 8.8
27 5.9
51 4.9
100 8.2
22 6.6
34 4.8
