1000
257598 5
311201 2
726340 10
589967 3
410011 7
973416 0
250798 1
257596 2
843448 2
616221 5
589963 3
736328 1
393804 9
843450 2
741736 1
737393 4
914952 10
914949 3
257599 7
458081 9
794064 9
590308 8
728586 9
393802 6
589523 8
91335 9
133905 3
961160 0
311202 1
589523 2
91337 9
589524 4
480074 4
250799 0
393803 8
973417 3
590305 6
606208 1
157694 8
794066 0
843447 9
432710 10
590306 7
736329 10
794062 8
432710 8
736329 3
133904 3
589966 3
91336 4
589526 10
410007 6
606205 1
410007 1
726339 6
440995 1
19382 1
961160 4
728585 6
458083 6
914949 10
589527 7
250797 3
432710 7
393802 8
728584 9
726340 5
440994 1
726339 7
371635 0
741738 0
393801 7
250799 10
19378 6
257597 10
440993 6
728587 6
726341 3
157691 2
961162 0
726340 6
311204 3
480075 2
737395 4
736325 2
432714 3
589964 5
250795 7
589967 6
726343 7
157691 10
157695 6
973417 7
133903 0
606204 6
843449 10
589966 1
794063 9
589525 0
553593 1
91334 3
425477 7
425476 3
589527 1
751185 2
726342 8
737394 3
257595 8
371633 4
736328 10
794064 6
865349 7
250798 9
728585 1
432712 2
590308 7
480072 7
440995 8
480075 7
590305 2
458082 0
589526 2
961163 10
973417 2
393803 10
393803 6
865350 6
311201 6
347931 3
961161 10
865349 8
257595 7
311200 6
19379 2
403211 5
425477 9
794064 5
589965 0
458085 6
425476 1
250796 0
257597 4
914952 3
440993 3
250798 0
726339 5
914950 7
961162 7
393801 5
19382 2
737394 4
133905 4
257598 9
736325 0
606207 0
91335 0
371632 0
393802 7
961162 1
200775 9
257598 6
590307 2
250796 7
157692 4
393804 7
606206 2
589967 2
425476 5
606208 5
311202 4
19381 10
257595 2
794062 5
973415 7
432713 9
794066 4
440991 9
589525 5
19382 9
311204 6
843450 4
371632 2
133905 6
250797 5
480072 3
272313 7
961163 8
133904 8
794503 7
432714 9
410010 7
393801 3
606206 3
736326 3
440993 7
440992 8
425479 7
865350 7
440993 2
432714 5
737395 7
914951 4
371632 6
371631 9
973417 1
589527 9
188500 7
133905 9
91335 1
843449 4
157692 3
606207 3
371634 3
250799 1
311203 0
794065 2
19381 1
393803 4
257596 3
606207 2
250795 1
726341 8
257599 4
589965 7
410008 6
590306 9
865346 7
91337 2
250798 2
736329 5
589965 9
480072 10
737395 6
914952 5
741736 6
393800 3
736325 8
257596 5
371633 5
91334 2
736326 9
157693 3
157693 10
393800 2
19379 6
590308 5
741736 8
973414 4
843451 8
741738 10
741737 2
741740 3
432712 1
19379 9
396448 1
843448 9
606205 5
961162 3
961163 7
311204 1
736327 1
410008 2
157693 5
517491 0
973416 7
91337 5
589963 6
590307 8
961162 5
480073 6
843449 9
590308 4
726341 0
371631 6
371632 9
741737 1
589524 5
393801 0
794063 7
726342 5
133902 5
480074 0
311203 9
737391 6
589964 9
794065 9
19381 3
432710 1
440992 7
425479 6
440991 10
157694 2
425475 1
589523 0
257595 6
606205 0
250795 9
726343 1
589527 10
794065 1
257597 7
914951 1
250796 10
371633 3
250795 5
440993 9
843450 6
728587 7
19380 6
410011 10
257599 0
91335 7
458085 5
961161 8
843447 4
257597 9
728583 2
726342 9
19378 2
157693 6
250797 1
606204 8
219294 9
914949 1
737395 3
257598 10
257595 1
480073 2
736326 1
961159 4
311203 2
432711 4
794065 5
432714 8
371631 7
737392 4
737395 1
250795 8
865346 2
480076 4
741738 6
250795 2
589524 10
589524 8
480074 9
480072 5
728583 9
794065 0
737393 6
865346 5
843449 6
311203 5
606207 8
487760 9
257596 0
914950 1
737391 5
440993 4
728587 1
410010 9
432712 5
794064 7
480076 6
736326 8
133903 8
865350 5
133902 2
726341 10
311201 9
410011 1
606206 5
425477 0
371634 0
914948 5
469033 6
589967 5
961163 1
843447 10
19382 5
736328 6
250799 4
440995 5
410009 3
250798 10
157693 0
371632 5
737391 3
741737 10
250799 9
371631 0
606204 1
728585 2
157692 7
737395 0
914951 8
311203 3
458082 4
458082 2
843448 5
741740 4
794066 5
961160 3
157691 8
91335 3
973416 1
425478 7
371634 2
606204 9
961159 6
589524 9
794064 4
458084 3
440992 3
480076 7
590305 3
425477 5
590305 10
737395 5
741738 9
133906 9
843451 5
736328 9
589526 3
726339 8
737392 3
726339 9
425479 2
589964 3
728586 8
843448 7
590305 4
606204 0
728583 1
606207 6
737394 6
865349 9
480076 2
741738 2
914952 8
736326 2
973416 8
425476 6
432711 0
133902 3
458083 7
914950 9
432713 4
794064 3
157691 9
606207 10
973413 0
393803 0
843449 3
973416 3
458081 10
590309 5
865347 5
843449 1
19380 4
945222 9
432711 1
589524 6
410011 5
250795 10
410010 3
371633 7
250799 2
91336 10
425477 10
606206 1
741740 7
393802 3
257597 0
91338 0
865347 3
133906 4
741738 5
371631 1
432711 5
961162 8
19379 10
736326 4
311201 4
480075 1
973415 3
257599 5
589963 2
133905 7
726342 4
440995 10
855864 8
432712 4
91335 4
589524 3
590305 8
19380 8
590308 9
741737 7
590306 0
589965 8
914948 4
223214 10
393801 9
458082 10
567465 5
973414 7
410007 7
425475 9
480072 1
741738 1
961161 7
371632 3
590306 6
741740 5
133905 10
589965 6
589967 8
425479 1
737395 10
843450 5
741739 8
19379 5
737392 7
843448 6
157694 0
410010 0
961163 0
91337 8
741736 0
311204 7
728587 9
741740 2
589966 5
728583 5
961162 10
133902 10
589964 8
157695 4
737394 7
728584 1
726339 4
12027 8
157695 1
371632 1
973414 6
311203 7
425475 7
973417 10
589525 9
736325 9
91336 2
257597 3
741738 3
157694 3
493414 3
133905 1
590306 5
410009 4
736327 9
425478 1
19379 0
371635 3
843448 1
91337 7
737394 5
865349 6
737391 0
590307 4
19379 7
257598 3
527978 9
480073 8
589965 4
157694 7
961162 9
425478 10
19382 7
589964 0
19378 3
458084 7
425477 1
440993 8
726339 2
794063 2
606208 3
642805 10
410010 4
91334 8
371631 4
961160 7
736327 6
590306 3
590307 0
458081 8
728587 8
393801 10
606206 7
480076 0
91336 9
843450 0
133906 0
589526 1
914951 0
157691 0
257597 2
133903 1
914948 7
843451 3
480074 5
726343 2
843449 0
257595 4
440995 2
737394 10
741738 4
371634 9
914949 9
410010 2
728583 6
440991 5
961159 2
458082 9
736327 5
736327 4
91338 1
843451 9
371634 7
410009 1
257595 0
440994 10
250795 0
741738 7
736329 9
458082 1
425476 9
458085 0
736325 4
19378 10
440995 0
133904 2
480074 3
311200 4
794066 10
590309 6
737393 2
432713 6
865348 4
410008 5
432714 0
843451 1
393804 3
133906 5
133904 9
311203 1
458084 2
393802 10
133904 10
311201 0
133906 10
311200 5
726341 4
133904 4
728585 3
741737 3
250799 3
311200 0
843450 8
973415 5
736325 6
410007 8
914952 6
410009 9
393801 1
257595 3
458081 7
726341 5
371633 2
843451 2
589526 6
794063 4
176978 2
736326 7
257595 5
914949 2
250797 10
393800 0
728583 4
480076 9
589525 2
728586 4
425479 5
157691 4
133906 6
590308 6
458083 10
973417 6
590308 10
425476 4
794063 8
589965 3
311204 4
425475 5
736327 8
865348 2
728583 10
371633 1
726341 9
133902 7
914952 4
157693 2
737393 1
589525 10
257599 9
393801 4
410008 0
726342 1
726342 6
590305 0
728585 10
425476 7
425478 0
257597 5
19378 1
590305 1
741739 6
311201 5
794064 8
794065 8
728584 8
458083 8
250796 1
102426 2
737395 9
410008 8
91338 2
257596 4
432714 2
432714 4
410008 3
946954 0
606208 7
961161 4
19381 0
157691 1
569980 0
728585 9
589523 5
250798 8
843448 3
914948 2
961161 3
726340 7
133903 6
410007 4
458082 3
737392 9
606207 9
973413 3
480076 10
589525 3
410007 10
726340 9
250795 3
973413 10
606206 10
440991 8
590305 7
865350 1
741739 7
371634 6
623719 4
19380 9
726339 10
393801 8
91337 1
393801 6
606205 8
973415 6
440991 4
311204 2
91334 9
914948 9
728586 2
914952 2
480075 0
865349 1
477309 9
440994 6
590309 1
371635 6
843447 6
914951 10
458083 5
410010 8
973414 5
794062 10
458081 6
961163 6
311200 7
794062 6
741740 8
606206 6
606208 6
914952 9
133903 4
250797 8
961159 0
606206 4
728586 7
590309 3
458085 8
410011 9
865346 1
865348 10
393804 6
741739 4
843448 8
458085 1
440994 2
458082 7
371635 9
914950 2
19380 2
133902 4
589963 1
737394 8
589524 0
973415 9
133906 1
973413 2
371633 8
728587 2
425479 3
914951 6
606208 2
961159 7
393804 10
257596 1
91336 5
865346 9
589524 7
865347 8
589963 4
737393 10
726340 3
914950 4
393803 1
91335 2
440994 8
865348 6
606207 5
19379 1
425478 6
589966 0
458085 3
961162 4
257596 7
133904 5
865350 4
91338 4
843450 9
458083 1
432710 0
741736 10
728586 10
19379 8
737393 0
590306 10
425479 4
250797 7
961161 1
973414 10
794065 6
914950 3
590307 7
590305 5
961163 5
257596 6
589523 9
973413 5
480076 1
432712 0
590309 7
91334 5
480072 9
589965 5
606208 4
257596 10
371634 1
257598 1
794066 9
914950 5
741737 0
480075 3
410009 7
432711 9
440994 0
914950 8
843450 10
741740 1
458081 4
371633 9
726343 6
589965 2
589526 5
794062 1
458083 3
726341 2
440993 0
458081 0
589964 10
393802 2
371634 5
157695 3
311200 10
410008 9
973415 0
425478 8
157695 5
410011 4
311203 4
425476 8
265871 4
133902 1
157693 1
425478 2
425478 3
440992 5
480073 10
914948 0
393800 8
843451 0
741739 5
973414 2
440994 5
480075 5
590306 4
726341 7
589526 9
484412 5
19378 5
250798 6
973415 10
157695 2
590309 9
410011 6
393803 2
19381 5
973413 4
311202 8
794064 2
589523 7
311202 0
410009 10
914951 5
736326 10
440994 3
865346 10
425476 2
741737 4
311202 10
480073 0
157691 7
961162 6
440995 4
728584 10
961159 1
589524 2
250797 4
741739 1
19868 2
606207 1
728584 7
133903 5
311203 10
728587 10
590307 1
91338 5
440993 5
458085 10
250796 5
432713 2
425475 4
961160 10
311200 3
964325 4
865348 8
794066 7
458085 4
914948 3
736328 3
736328 2
91338 7
728584 6
371633 10
157693 7
432713 5
961163 9
311204 10
410010 5
