1000 1000
1 713066100
2 277511372
3 544850050
4 276249312
5 306170144
6 879020687
7 492996447
8 555929033
9 482666019
10 542382088
11 64455394
12 21574829
13 18642128
14 495942285
15 298259140
16 606005227
17 916029819
18 888158884
19 948148624
20 871604526
21 681914712
22 203516686
23 328730094
24 990791174
25 615564486
26 40315570
27 862310965
28 423865841
29 210650718
30 444538120
31 93634270
32 541170889
33 271587547
34 755549792
35 661686421
36 686222139
37 782150399
38 981081475
39 264800582
40 82184507
41 968768315
42 695004224
43 245288480
44 224650829
45 360428274
46 439657588
47 362524095
48 982446544
49 131792522
50 539351133
51 474617680
52 65350065
53 677970861
54 212752961
55 833758955
56 567939553
57 73732102
58 995475694
59 445395152
60 694699493
61 977805160
62 885026798
63 50376160
64 501173732
65 481175474
66 537842481
67 106504279
68 269975858
69 811035140
70 803871069
71 939764127
72 439487874
73 137418512
74 625751351
75 734582979
76 604939064
77 32851714
78 446139819
79 81232917
80 314904036
81 990166250
82 135419321
83 503066339
84 787189545
85 922740970
86 540260393
87 798280608
88 169403354
89 154686493
90 740084462
91 64068227
92 140223298
93 620807447
94 429373035
95 677053662
96 778365792
97 84981977
98 963720471
99 772929657
100 238237154
101 367984548
102 10546094
103 643458853
104 845218857
105 878125713
106 422547964
107 863243021
108 419321848
109 535619497
110 521785301
111 302583488
112 957466071
113 202604169
114 10278087
115 295210210
116 246738265
117 357352547
118 153621601
119 287894860
120 559495062
121 234579133
122 659160921
123 988793145
124 617427043
125 605388507
126 201296900
127 824823453
128 307338565
129 495557375
130 36900240
131 230641753
132 626278348
133 42975338
134 507894440
135 278659292
136 431902770
137 23619537
138 497990658
139 367953009
140 441215748
141 837342228
142 921019125
143 446330361
144 737602060
145 848926455
146 603454228
147 895764785
148 647261705
149 314447231
150 759223250
151 346475291
152 418126737
153 79539660
154 599791209
155 687097558
156 277684594
157 730087879
158 719295806
159 937357914
160 435447540
161 707777269
162 928463404
163 349477164
164 74987277
165 595063223
166 830128578
167 68824365
168 588781728
169 62398502
170 10410054
171 37793586
172 24711880
173 16800293
174 248707551
175 54133721
176 6999043
177 438698695
178 302101764
179 268002168
180 308519605
181 259129915
182 703523754
183 778104349
184 186355727
185 63414378
186 547096624
187 343054930
188 616428923
189 529370819
190 109199431
191 850850191
192 297950934
193 612756713
194 342736363
195 308947799
196 741837686
197 211283137
198 994999773
199 510945418
200 711451621
201 282987120
202 482001328
203 443334881
204 292600988
205 97677967
206 954798171
207 937725907
208 818050439
209 488642334
210 317470815
211 69406958
212 897898184
213 940312833
214 312186653
215 664305750
216 701985617
217 146056110
218 595336340
219 804000996
220 775522337
221 258114153
222 95279454
223 990875238
224 591291244
225 686235821
226 199429850
227 540865736
228 561863842
229 337908635
230 282791102
231 606934127
232 716075139
233 100438992
234 360373352
235 243455088
236 351429637
237 976358883
238 499818400
239 917111511
240 183875632
241 736557290
242 512627912
243 578590838
244 937325791
245 85705830
246 27650975
247 498825590
248 593079589
249 376503326
250 430042464
251 787644175
252 584389939
253 687757998
254 276216346
255 132193620
256 628364839
257 383490955
258 172074778
259 462795880
260 59566763
261 265328801
262 149361519
263 223079927
264 776108643
265 528770
266 192544816
267 1071699
268 575794149
269 15783237
270 219842594
271 240119640
272 740515482
273 158764659
274 720086363
275 923187588
276 433467752
277 972739286
278 136420806
279 351323825
280 15924221
281 11154863
282 308207170
283 351329676
284 602544739
285 254775973
286 61896320
287 898933403
288 523337033
289 602499977
290 517708823
291 887028857
292 18795663
293 596236347
294 437558880
295 258489125
296 795472919
297 863911429
298 567849617
299 884050427
300 454683997
301 268456165
302 148036485
303 466848397
304 427254248
305 347229544
306 588766586
307 840161699
308 606543191
309 302598289
310 507299879
311 975699636
312 931313333
313 711378541
314 386844094
315 791983295
316 692841956
317 245126916
318 963540741
319 826562851
320 546076889
321 536484947
322 658954734
323 993924957
324 680610275
325 694305744
326 116130143
327 422712507
328 866683747
329 295781118
330 326956698
331 590708255
332 86087261
333 223303308
334 834668710
335 189899977
336 277634423
337 683341312
338 633240799
339 888288188
340 75966104
341 337303339
342 753340357
343 811811576
344 110171984
345 785936862
346 615652095
347 401437306
348 132528985
349 754057358
350 481305342
351 299493639
352 101611510
353 818094375
354 803876329
355 852646931
356 380988134
357 874263829
358 461740994
359 16679040
360 313513634
361 270697701
362 482366739
363 314829568
364 537620747
365 973516072
366 934664608
367 306127093
368 79692081
369 595706769
370 987785103
371 837307989
372 140983223
373 708221820
374 818189209
375 84042543
376 844578555
377 542871227
378 628211
379 96191907
380 388114346
381 941074314
382 468391731
383 669601625
384 41822787
385 75371159
386 266745151
387 929789618
388 464871587
389 4077761
390 186484190
391 157804161
392 455142077
393 392760147
394 360569935
395 893053051
396 75273632
397 419287442
398 157897718
399 170185595
400 352693494
401 710695606
402 520630683
403 335668873
404 874513265
405 430392974
406 935000177
407 265013181
408 501428267
409 638908242
410 223940386
411 170059134
412 908974296
413 102727576
414 800686427
415 780123624
416 937150591
417 543415693
418 155627512
419 606036757
420 223768371
421 917697161
422 370924909
423 803222263
424 786907171
425 533172930
426 31598312
427 276404773
428 971127897
429 14729440
430 734898592
431 120807370
432 640243530
433 947863357
434 962654179
435 483646593
436 639367847
437 322424793
438 575848853
439 390658023
440 349983490
441 178891792
442 701712176
443 470971670
444 384267208
445 340836321
446 634247617
447 258844936
448 838719749
449 632019488
450 979303313
451 211495787
452 582447648
453 913375690
454 664502193
455 949093509
456 148215561
457 909219545
458 823511169
459 716217501
460 229332179
461 678501194
462 772171303
463 326784355
464 875115164
465 883572802
466 614726185
467 969629767
468 590160449
469 945190583
470 681632732
471 460727406
472 337236089
473 677379562
474 958240037
475 211151096
476 624733678
477 228624986
478 804653006
479 432094539
480 531951938
481 748159225
482 589813262
483 210225046
484 490700198
485 373426989
486 713468162
487 205202625
488 121265389
489 961316844
490 54939538
491 770324294
492 979137689
493 191189937
494 931899517
495 290638662
496 18032505
497 612538285
498 336967099
499 101105829
500 125748271
501 58229355
502 511307452
503 119616406
504 239028921
505 827527998
506 947045655
507 567135246
508 3171626
509 226296286
510 72487144
511 904190684
512 795172005
513 340584413
514 31146535
515 189079086
516 983686757
517 837463024
518 332378641
519 175279295
520 947577821
521 608823479
522 71515519
523 139827658
524 587767906
525 510248085
526 32714791
527 11798664
528 249722328
529 45840402
530 979802675
531 343930108
532 639487976
533 116667267
534 439017261
535 600459707
536 756779153
537 459362734
538 785222260
539 569297649
540 848260046
541 931960023
542 967302553
543 712729597
544 776475379
545 715682750
546 32191692
547 89409026
548 643502239
549 175840770
550 205752399
551 586058638
552 207963216
553 778415171
554 442558679
555 91014358
556 46531685
557 481430728
558 150636342
559 330366772
560 645601387
561 523715069
562 264475074
563 672458333
564 851952052
565 161767233
566 614157947
567 938670079
568 345409026
569 183663979
570 627573562
571 939547676
572 944527685
573 419212868
574 771200153
575 711326513
576 725065897
577 660244122
578 797831041
579 588954782
580 689913393
581 807120497
582 625007411
583 309346741
584 173109112
585 77671602
586 438357776
587 231652880
588 263337676
589 530961121
590 878442635
591 724560670
592 386314012
593 105472578
594 531229647
595 122749676
596 509214955
597 909547254
598 172319688
599 743332201
600 872460915
601 474847232
602 767380514
603 526834744
604 601760737
605 714011987
606 5319361
607 741123554
608 778291535
609 506474315
610 852978435
611 148253126
612 348576533
613 493143019
614 340859282
615 882095560
616 855017253
617 208920168
618 193715138
619 966124756
620 193230588
621 780239836
622 375455175
623 349244808
624 908264863
625 63801438
626 98606743
627 622126528
628 752783056
629 645009324
630 548466547
631 980046745
632 68473218
633 978393941
634 824089618
635 929418733
636 671719240
637 662117798
638 299816367
639 191107941
640 213538221
641 261568310
642 915440739
643 704075184
644 226734734
645 901019683
646 451064395
647 519700185
648 996766066
649 578824472
650 237186844
651 234063678
652 608089647
653 967681275
654 766255748
655 437537814
656 294275945
657 690271985
658 596439508
659 65723930
660 723521960
661 862629760
662 360256149
663 30986120
664 988897094
665 83782280
666 712273612
667 531120581
668 534765426
669 492341979
670 929030186
671 411109739
672 84718154
673 233632745
674 698062696
675 433277534
676 197741907
677 932826074
678 860717117
679 295081915
680 47837751
681 619378468
682 208102282
683 174797443
684 57565925
685 409057977
686 619175240
687 125709268
688 408221094
689 647587717
690 456731778
691 342894887
692 699984900
693 705081795
694 953878891
695 282649022
696 752473897
697 363336195
698 568976289
699 912616304
700 676389096
701 236969764
702 44713620
703 615298105
704 623896494
705 968965297
706 581084803
707 251917112
708 915954024
709 294922385
710 11227012
711 260186921
712 733631070
713 312774152
714 179105529
715 645068452
716 154546945
717 475220159
718 913047486
719 16987254
720 666160313
721 651359322
722 486037996
723 646197004
724 694287283
725 659142861
726 109762326
727 187020166
728 534543247
729 952001215
730 84979256
731 267052614
732 55804023
733 821261671
734 205787003
735 897806558
736 563656208
737 650025137
738 416157670
739 89749525
740 815349371
741 608194680
742 791893804
743 289025449
744 20341232
745 787564868
746 325110521
747 193792421
748 863723288
749 983629249
750 875037983
751 343677195
752 7042153
753 806901007
754 174842521
755 887322710
756 788880882
757 756429622
758 540068836
759 298816732
760 671194486
761 687061718
762 370041944
763 61886968
764 351314593
765 516676174
766 685456066
767 407645420
768 92979969
769 897599938
770 955311033
771 160665270
772 825970832
773 20659094
774 203790996
775 20544525
776 885191046
777 266793484
778 537220761
779 105496083
780 360566829
781 519337626
782 872183105
783 962482404
784 679811012
785 99539900
786 168009937
787 48741016
788 943648805
789 532844777
790 945185061
791 43765044
792 263150297
793 236321519
794 636231876
795 282303937
796 843115269
797 474216585
798 382834197
799 613252969
800 652654618
801 834110198
802 679786795
803 35069198
804 946640394
805 317216371
806 852825316
807 188999790
808 834046710
809 388801406
810 546656106
811 408984963
812 654866776
813 743737584
814 975692733
815 177081909
816 359649957
817 554041570
818 38408811
819 954430220
820 664971577
821 197403150
822 36717454
823 859323026
824 772154655
825 712677080
826 278551782
827 834627537
828 104131157
829 768107461
830 170732994
831 254314044
832 538727479
833 923023745
834 962973614
835 239179611
836 755314510
837 148676
838 472448131
839 670485340
840 554245873
841 286528094
842 508157474
843 210321640
844 33870650
845 388165688
846 229776717
847 231058676
848 408636426
849 836919442
850 949107955
851 109389674
852 910762541
853 905789776
854 809629795
855 119917923
856 363010401
857 479498722
858 934921984
859 187376082
860 656371665
861 996502118
862 706235470
863 333953839
864 166853397
865 136218319
866 986217489
867 56821247
868 453038269
869 558396659
870 678112435
871 471386883
872 743279081
873 725381843
874 95595672
875 663626993
876 309109867
877 657565518
878 771186373
879 205773853
880 684566042
881 638947125
882 432282684
883 638358715
884 659390247
885 618223196
886 462088532
887 233684850
888 725035105
889 794547142
890 318460695
891 332941558
892 907408342
893 337407671
894 15159281
895 482677611
896 512321905
897 349795720
898 315702787
899 26492011
900 916991428
901 252575466
902 746234608
903 444774688
904 630168582
905 873825283
906 164651245
907 7481277
908 357552731
909 783032753
910 460723919
911 232752333
912 757456009
913 884611906
914 981980621
915 343750558
916 621577590
917 396769639
918 164023316
919 456006307
920 627123846
921 547547775
922 770012167
923 973329774
924 931847728
925 129317121
926 238270413
927 552084880
928 398910839
929 755407403
930 863972875
931 94994014
932 611040067
933 281510045
934 983648146
935 654722015
936 132853751
937 744623202
938 849738811
939 658682773
940 16191376
941 737404421
942 193885265
943 93911393
944 174034457
945 336879819
946 354795829
947 221580860
948 212076119
949 413773822
950 538147298
951 361969365
952 735294611
953 219077666
954 984382634
955 91023771
956 891153294
957 874381392
958 533960454
959 47537866
960 683954816
961 917691579
962 733712965
963 128044471
964 99111494
965 468203090
966 968231665
967 179733431
968 542934221
969 306045447
970 367416054
971 507067554
972 528444938
973 80200537
974 13993053
975 463020623
976 535244706
977 383009363
978 862965748
979 197197094
980 722068029
981 371518300
982 636308246
983 408053641
984 42312161
985 243499789
986 888696553
987 110231428
988 113539157
989 181661587
990 680933976
991 981678685
992 383407918
993 248548652
994 91404756
995 42085640
996 670621102
997 331205206
998 996220786
999 431754591
1000 23495324
2 41 10
2 67 10
2 60 10
2 30 10
2 30 10
2 88 10
2 8 10
2 44 10
2 15 10
2 20 10
2 21 10
2 18 10
2 18 10
2 40 10
2 64 10
2 78 10
2 98 10
2 93 10
2 40 10
2 99 10
2 42 10
2 91 10
2 93 10
2 89 10
2 71 10
2 69 10
2 55 10
2 32 10
2 98 10
2 44 10
2 68 10
2 27 10
2 36 10
2 51 10
2 45 10
2 72 10
2 42 10
2 13 10
2 13 10
2 8 10
2 68 10
2 48 10
2 59 10
2 42 10
2 35 10
2 64 10
2 25 10
2 71 10
2 88 10
2 98 10
2 41 10
2 84 10
2 50 10
2 12 10
2 9 10
2 28 10
2 61 10
2 48 10
2 66 10
2 61 10
2 21 10
2 94 10
2 73 10
2 33 10
2 76 10
2 98 10
2 7 10
2 63 10
2 47 10
2 61 10
2 8 10
2 98 10
2 36 10
2 61 10
2 60 10
2 83 10
2 19 10
2 82 10
2 56 10
2 99 10
2 69 10
2 48 10
2 47 10
2 73 10
2 67 10
2 23 10
2 13 10
2 62 10
2 1 10
2 35 10
2 20 10
2 66 10
2 40 10
2 33 10
2 53 10
2 1 10
2 18 10
2 89 10
2 57 10
2 77 10
2 15 10
2 41 10
2 15 10
2 64 10
2 49 10
2 50 10
2 8 10
2 76 10
2 94 10
2 35 10
2 31 10
2 60 10
2 15 10
2 3 10
2 71 10
2 40 10
2 1 10
2 63 10
2 95 10
2 43 10
2 38 10
2 63 10
2 19 10
2 48 10
2 12 10
2 32 10
2 65 10
2 43 10
2 70 10
2 47 10
2 73 10
2 12 10
2 74 10
2 57 10
2 72 10
2 54 10
2 92 10
2 20 10
2 54 10
2 79 10
2 21 10
2 20 10
2 63 10
2 83 10
2 93 10
2 80 10
2 18 10
2 77 10
2 66 10
2 73 10
2 88 10
2 35 10
2 3 10
2 20 10
2 31 10
2 24 10
2 48 10
2 91 10
2 69 10
2 25 10
2 37 10
2 72 10
2 65 10
2 4 10
2 44 10
2 33 10
2 98 10
2 25 10
2 29 10
2 88 10
2 92 10
2 80 10
2 29 10
2 57 10
2 67 10
2 11 10
2 38 10
2 65 10
2 86 10
2 40 10
2 75 10
2 16 10
2 79 10
2 22 10
2 10 10
2 36 10
2 51 10
2 13 10
2 2 10
2 46 10
2 59 10
2 44 10
2 20 10
2 39 10
2 35 10
2 4 10
2 34 10
2 89 10
2 61 10
2 44 10
2 19 10
2 52 10
2 29 10
2 30 10
2 17 10
2 55 10
2 44 10
2 3 10
2 97 10
2 91 10
2 9 10
2 70 10
2 70 10
2 25 10
2 85 10
2 51 10
2 19 10
2 61 10
2 100 10
2 56 10
2 99 10
2 99 10
2 70 10
2 64 10
2 15 10
2 14 10
2 36 10
2 68 10
2 20 10
2 33 10
2 69 10
2 54 10
2 94 10
2 46 10
2 53 10
2 64 10
2 12 10
2 6 10
2 49 10
2 16 10
2 97 10
2 2 10
2 13 10
2 83 10
2 94 10
2 49 10
2 71 10
2 98 10
2 44 10
2 100 10
2 62 10
2 77 10
2 16 10
2 87 10
2 3 10
2 49 10
2 90 10
2 58 10
2 24 10
2 74 10
2 72 10
2 18 10
2 63 10
2 94 10
2 71 10
2 81 10
2 95 10
2 88 10
2 3 10
2 36 10
2 97 10
2 55 10
2 40 10
2 3 10
2 95 10
2 27 10
2 77 10
2 40 10
2 28 10
2 35 10
2 41 10
2 14 10
2 99 10
2 48 10
2 39 10
2 42 10
2 32 10
2 9 10
2 90 10
2 2 10
2 97 10
2 15 10
2 61 10
2 1 10
2 55 10
2 70 10
2 36 10
2 75 10
2 47 10
2 14 10
2 95 10
2 10 10
2 35 10
2 97 10
2 22 10
2 43 10
2 75 10
2 72 10
2 26 10
2 60 10
2 28 10
2 24 10
2 35 10
2 86 10
2 2 10
2 32 10
2 72 10
2 86 10
2 28 10
2 6 10
2 86 10
2 100 10
2 81 10
2 7 10
2 86 10
2 85 10
2 75 10
2 86 10
2 84 10
2 54 10
2 84 10
2 38 10
2 73 10
2 83 10
2 93 10
2 62 10
2 33 10
2 28 10
2 39 10
2 25 10
2 11 10
2 72 10
2 78 10
2 53 10
2 20 10
2 4 10
2 15 10
2 43 10
2 84 10
2 18 10
2 7 10
2 76 10
2 70 10
2 80 10
2 85 10
2 97 10
2 83 10
2 83 10
2 88 10
2 49 10
2 53 10
2 55 10
2 6 10
2 74 10
2 77 10
2 42 10
2 80 10
2 86 10
2 48 10
2 69 10
2 53 10
2 74 10
2 26 10
2 93 10
2 54 10
2 69 10
2 30 10
2 96 10
2 40 10
2 20 10
2 60 10
2 66 10
2 80 10
2 25 10
2 26 10
2 44 10
2 83 10
2 68 10
2 21 10
2 77 10
2 71 10
2 12 10
2 45 10
2 68 10
2 54 10
2 26 10
2 44 10
2 79 10
2 84 10
2 18 10
2 21 10
2 74 10
2 80 10
2 31 10
2 60 10
2 99 10
2 19 10
2 5 10
2 35 10
2 28 10
2 70 10
2 25 10
2 71 10
2 94 10
2 47 10
2 22 10
2 31 10
2 19 10
2 81 10
2 74 10
2 8 10
2 40 10
2 22 10
2 29 10
2 11 10
2 1 10
2 81 10
2 14 10
2 47 10
2 93 10
2 24 10
2 78 10
2 67 10
2 18 10
2 67 10
2 29 10
2 75 10
2 19 10
2 53 10
2 12 10
2 84 10
2 2 10
2 71 10
2 33 10
2 65 10
2 94 10
2 77 10
2 33 10
2 83 10
2 65 10
2 80 10
2 84 10
2 42 10
2 51 10
2 75 10
2 16 10
2 14 10
2 99 10
2 26 10
2 65 10
2 58 10
2 69 10
2 91 10
2 10 10
2 68 10
2 92 10
2 42 10
2 25 10
2 95 10
2 28 10
2 49 10
2 94 10
2 46 10
2 16 10
2 29 10
2 92 10
2 57 10
2 8 10
2 13 10
2 25 10
2 42 10
2 29 10
2 20 10
2 88 10
2 31 10
2 50 10
2 72 10
2 41 10
2 15 10
2 65 10
2 58 10
2 62 10
2 76 10
2 45 10
2 79 10
2 20 10
2 84 10
2 7 10
2 38 10
2 83 10
2 574 1
1 916 826 860509138
1 517 369 749829988
1 242 974 665128502
1 130 609 700333580
1 487 433 591894832
1 388 228 954089557
1 767 714 874822441
2 87 7
2 882 7
1 118 879 127908059
1 788 705 679057313
2 99 4
2 99 0
1 985 535 295907233
2 815 10
1 807 825 497257433
1 540 182 315366096
1 287 825 179008729
1 782 492 412604519
2 176 1
1 949 162 87318173
1 937 70 36292708
2 605 8
1 450 196 510537083
2 183 8
1 584 808 62026713
2 479 9
2 862 3
1 186 38 638447402
2 788 8
2 988 6
1 142 641 702683001
1 746 619 178017965
2 844 9
2 283 6
1 649 132 665019981
2 452 0
2 44 7
1 150 195 454776504
2 650 2
2 359 1
1 479 212 98572451
2 307 3
2 712 10
2 54 10
1 903 31 942538899
1 146 15 470758818
1 491 201 957461748
2 54 2
1 711 513 16057785
1 595 93 499037546
1 296 584 513115312
1 877 798 942809542
1 52 686 935363471
2 125 1
2 130 7
1 937 734 700206988
1 985 549 81030334
1 652 584 879374115
2 671 6
2 457 4
2 720 4
2 994 0
2 894 1
2 190 2
2 811 2
2 537 4
2 420 2
2 583 8
1 91 963 226338791
1 638 979 31437033
2 696 9
2 671 7
2 986 3
2 684 2
2 203 3
1 714 198 334851441
1 640 368 757728378
1 199 226 117445854
2 507 5
2 536 0
1 927 739 364814875
2 313 6
1 157 873 811472044
1 567 791 672762770
2 371 3
1 268 343 933745773
1 645 439 865471832
1 707 187 465261265
1 72 600 53869042
1 479 816 992425696
2 871 7
2 415 4
2 29 4
1 789 396 29904987
1 911 979 62339452
1 988 569 453339853
1 261 988 555442783
2 759 5
2 195 8
2 236 8
1 198 863 75425464
1 274 238 270307834
1 319 150 670075437
2 138 3
1 950 887 692478990
2 389 7
2 963 6
1 862 551 295599498
2 215 4
2 100 9
1 323 322 686757943
1 752 593 312293075
1 227 822 966885801
2 867 2
2 440 2
2 858 0
1 484 953 14531373
2 846 6
2 903 9
1 426 652 983626421
1 959 320 584876521
1 244 981 26352722
2 251 7
1 193 107 328684367
2 850 1
1 425 569 216218140
1 603 181 903046765
1 675 764 42858664
1 170 462 369858862
2 639 0
1 105 459 54058474
1 915 178 206580457
2 235 9
2 865 4
2 636 2
2 54 7
1 445 650 829573422
2 417 9
2 275 5
2 797 7
1 831 11 968303262
2 652 8
2 528 0
1 919 258 647929087
2 117 0
1 182 741 684187479
2 278 3
1 378 159 106114103
2 127 3
2 312 1
1 943 859 305741388
2 867 7
2 489 7
2 196 0
1 184 44 61066140
1 644 596 117015425
2 898 4
2 29 3
1 740 426 723104913
2 896 4
2 527 7
2 435 7
2 547 9
1 313 269 49524721
2 46 7
2 738 3
1 269 271 282743292
1 578 564 569817779
2 524 1
1 338 704 378909265
2 252 3
1 326 942 32955020
2 11 9
2 932 10
2 502 8
2 826 10
1 262 207 307573402
1 471 575 792729141
2 210 0
1 799 507 510256001
2 220 2
1 597 731 695309701
2 726 0
2 793 10
2 145 3
1 63 835 27577379
2 648 7
1 912 863 651736490
2 906 0
1 708 92 307756776
1 34 959 171944264
2 420 5
2 769 4
2 133 0
2 178 8
2 691 4
1 524 116 170629627
2 537 5
2 112 4
1 425 286 476351969
1 470 653 780115774
2 64 1
1 548 336 421919356
2 204 8
2 668 1
1 995 728 90630505
2 511 0
1 575 983 407914213
2 13 1
2 115 5
2 149 9
1 740 581 413728621
1 703 312 332698805
1 773 357 857430281
1 493 292 85449820
1 873 168 678331364
1 417 73 28168543
2 431 2
2 395 9
2 999 1
2 360 7
2 857 0
2 401 7
1 780 755 305147722
2 173 7
2 690 10
1 435 343 556859650
1 562 895 468203487
1 797 718 489738134
1 809 579 937090495
2 407 9
1 422 543 583017504
2 573 6
2 133 2
2 186 3
1 875 307 220628652
2 742 3
1 142 730 350633008
2 8 5
2 957 3
1 854 484 518316003
1 274 348 676771416
2 602 1
2 708 1
1 507 215 880485152
1 597 752 82558755
1 852 727 227179594
1 739 148 863125449
2 137 1
1 135 730 979886060
1 489 116 159558662
1 706 786 398846236
1 411 929 751557069
2 236 7
1 265 916 602698704
1 892 718 193825774
1 970 14 72174589
2 70 2
1 781 307 986201462
1 587 593 725998902
1 472 893 966977506
2 531 1
2 493 6
2 105 8
2 67 6
1 155 165 37444628
2 965 6
1 901 137 274753987
2 609 5
1 649 302 871016130
1 760 184 601294638
1 68 563 715120208
2 279 2
2 38 1
2 646 6
2 305 0
1 724 784 441578608
1 34 361 209715803
1 334 469 997509490
2 128 3
1 530 918 363339644
2 861 0
1 396 179 726399393
1 291 658 695100179
2 641 3
2 308 10
2 399 6
1 136 526 593602800
1 96 73 865191113
2 205 4
2 405 0
1 98 182 802326341
1 361 194 218049899
1 159 148 507006666
1 507 22 733358628
2 191 3
2 425 7
2 679 3
2 733 1
1 409 79 714731515
1 238 851 656580281
1 104 792 15993475
2 316 7
2 179 10
2 925 9
1 695 617 933794344
2 984 6
2 232 1
1 546 996 410237252
1 378 71 568936940
1 306 474 831923279
1 790 707 40270769
1 273 184 641332373
2 542 9
1 603 411 626032324
2 822 6
2 902 4
2 787 8
1 947 727 288344093
2 371 8
1 174 185 671423377
1 446 282 819703469
2 167 0
1 724 760 706204162
2 618 2
1 372 135 428582767
2 996 10
1 311 580 723811970
2 204 4
1 68 171 795789816
1 831 378 844447677
1 334 744 617464495
2 429 7
2 206 7
1 665 649 278293735
2 979 9
2 523 4
1 220 598 1612350
1 248 592 346667052
2 461 6
1 939 843 217352453
1 644 164 25560722
2 384 10
1 912 684 89359843
2 262 9
2 49 4
1 264 725 337376665
2 910 6
1 953 563 189022984
2 557 6
1 176 91 753944363
1 756 100 55586781
1 893 128 360668298
2 844 8
1 830 72 456676178
1 367 702 257960987
1 59 492 432628865
2 635 0
1 786 788 217444608
2 839 7
2 589 6
1 101 913 669575502
2 6 8
2 806 9
1 188 128 191454579
1 454 123 789553856
2 967 7
1 104 102 186624959
1 910 471 984682107
2 511 5
2 374 5
1 308 10 442413675
2 223 3
1 331 482 86492484
2 138 4
1 237 601 552855871
1 545 792 964453015
1 790 96 777489630
2 182 4
1 55 146 609694873
2 923 9
2 314 1
2 748 10
1 189 729 885933171
2 676 3
1 298 489 227666660
1 286 334 171563318
2 795 7
2 315 8
2 428 1
2 619 5
2 584 9
2 758 9
2 765 2
1 447 799 125892641
2 343 4
1 310 231 492358827
2 431 0
2 676 2
1 644 666 936351941
2 476 10
1 755 738 515936966
2 257 7
1 96 306 807757041
1 621 300 52314177
1 659 991 409724468
1 946 16 369279875
1 406 917 861820754
2 106 6
2 396 5
2 386 8
1 260 522 93846210
1 38 910 754545166
1 549 324 670093070
2 590 5
2 874 2
1 558 735 968425768
2 758 3
1 120 420 162515414
2 776 9
2 257 7
2 147 9
2 80 4
1 55 130 453780089
2 459 8
1 754 729 154988417
2 931 4
2 813 7
2 762 5
1 205 245 744268984
1 883 891 783820795
2 716 1
2 603 4
1 895 363 506861097
2 393 3
2 913 2
1 596 872 843979954
1 577 145 977312401
1 718 240 949184037
1 394 440 242678993
1 255 625 579874685
2 686 2
2 560 1
2 636 5
2 702 7
1 28 457 866827245
2 544 6
1 948 967 25513522
1 181 643 800482184
1 610 728 2182992
2 579 10
2 349 2
1 636 293 37277244
1 216 602 832230779
2 54 9
2 4 0
1 835 48 522842648
2 333 2
1 133 689 631432342
1 225 772 329542691
1 753 304 50386517
2 560 3
2 957 9
1 1000 662 806277961
2 618 5
1 392 369 429508110
2 18 4
2 763 1
2 342 4
2 283 2
2 113 5
2 483 10
1 10 411 725826956
2 727 9
2 745 8
2 569 9
2 469 4
2 614 4
1 495 531 315050411
1 82 395 459294057
1 751 915 267513305
2 904 2
1 31 441 320510559
2 302 2
1 35 968 530109057
2 360 1
1 655 712 224068778
1 622 62 613510722
1 622 791 77544652
1 225 399 762284394
2 18 0
2 235 1
2 394 9
2 480 7
2 435 8
1 71 851 517133013
2 691 4
1 884 953 830905419
