2
9 9
*________
_*_____**
____*___*
_*______*
_________
_______*_
___*_____
_________
_________
1 5 5
1 4 1
1 3 1
1 2 5
1 1 4
1 3 2
1 3 3
1 3 4
1 2 1
1 1 2
1 1 8
1 1 9
1 5 9
1 6 9
0
20 20
_____*______________
____________________
___________*________
______________***___
______________*_____
_______*____________
______*____*__*__*__
_______*____________
____*_____________*_
___*______*_________
______*___*_________
______*__*__*_______
____________________
_____**____*_______*
____________*_______
_________________*__
________________*___
____________________
____*___________*___
____________________
1 1 1
1 5 17
1 5 16
1 6 16
1 6 17
1 7 16
1 7 17
1 7 13
1 7 14
1 6 15
1 7 8
1 8 7
1 9 6
1 9 7
1 9 8
1 9 20
1 10 5
1 10 6
1 10 7
1 10 8
1 10 9
1 12 8
1 12 9
1 12 11
1 12 12
1 13 7
1 13 12
1 13 13
1 14 13
1 15 20
1 16 19
1 16 20
1 18 17
1 20 5
1 20 17
0
