1000 1200
1 1000 2 999
300 301 2
301 302 1
302 303 2
303 304 3
304 305 1
305 306 3
306 307 1
307 308 1
308 309 3
309 310 1
310 311 3
311 312 1
312 313 1
313 314 1
314 315 1
315 316 1
316 317 1
317 318 3
318 319 2
319 320 1
320 321 2
321 322 3
322 323 2
323 324 3
324 325 1
325 326 1
326 327 1
327 328 1
328 329 1
329 330 1
330 331 3
331 332 3
332 333 3
333 334 3
334 335 1
335 336 2
336 337 2
337 338 2
338 339 1
339 340 2
340 341 1
341 342 3
342 343 1
343 344 3
344 345 3
345 346 3
346 347 1
347 348 2
348 349 1
349 350 1
350 351 2
351 352 1
352 353 1
353 354 2
354 355 3
355 356 3
356 357 1
357 358 3
358 359 3
359 360 3
360 361 3
361 362 1
362 363 3
363 364 3
364 365 1
365 366 2
366 367 1
367 368 3
368 369 1
369 370 2
370 371 3
371 372 1
372 373 2
373 374 3
374 375 3
375 376 2
376 377 3
377 378 2
378 379 3
379 380 3
380 381 3
381 382 2
382 383 3
383 384 1
384 385 2
385 386 1
386 387 3
387 388 2
388 389 3
389 390 2
390 391 2
391 392 2
392 393 2
393 394 2
394 395 2
395 396 3
396 397 2
397 398 2
398 399 3
399 400 2
400 401 2
401 402 2
402 403 2
403 404 3
404 405 3
405 406 2
406 407 2
407 408 2
408 409 1
409 410 1
410 411 3
411 412 2
412 413 2
413 414 1
414 415 2
415 416 2
416 417 3
417 418 2
418 419 3
419 420 2
420 421 3
421 422 1
422 423 3
423 424 3
424 425 3
425 426 3
426 427 2
427 428 1
428 429 1
429 430 1
430 431 3
431 432 1
432 433 2
433 434 2
434 435 2
435 436 3
436 437 1
437 438 1
438 439 1
439 440 1
440 441 2
441 442 1
442 443 2
443 444 1
444 445 1
445 446 3
446 447 2
447 448 2
448 449 1
449 450 3
450 451 3
451 452 3
452 453 2
453 454 3
454 455 2
455 456 1
456 457 3
457 458 2
458 459 2
459 460 3
460 461 3
461 462 2
462 463 1
463 464 2
464 465 2
465 466 3
466 467 2
467 468 1
468 469 2
469 470 1
470 471 3
471 472 2
472 473 3
473 474 3
474 475 3
475 476 2
476 477 3
477 478 1
478 479 2
479 480 1
480 481 3
481 482 1
482 483 1
483 484 2
484 485 2
485 486 2
486 487 1
487 488 1
488 489 2
489 490 1
490 491 2
491 492 1
492 493 2
493 494 3
494 495 2
495 496 1
496 497 3
497 498 1
498 499 2
499 500 3
500 501 3
501 502 3
502 503 3
503 504 2
504 505 2
505 506 2
506 507 1
507 508 3
508 509 2
509 510 1
510 511 3
511 512 3
512 513 3
513 514 1
514 515 2
515 516 1
516 517 2
517 518 1
518 519 1
519 520 3
520 521 3
521 522 3
522 523 1
523 524 3
524 525 1
525 526 1
526 527 1
527 528 3
528 529 3
529 530 3
530 531 3
531 532 3
532 533 2
533 534 3
534 535 2
535 536 2
536 537 2
537 538 3
538 539 1
539 540 1
540 541 2
541 542 2
542 543 2
543 544 3
544 545 2
545 546 3
546 547 3
547 548 3
548 549 3
549 550 3
550 551 3
551 552 2
552 553 3
553 554 2
554 555 3
555 556 3
556 557 1
557 558 1
558 559 1
559 560 1
560 561 3
561 562 2
562 563 3
563 564 2
564 565 1
565 566 2
566 567 2
567 568 3
568 569 3
569 570 2
570 571 1
571 572 2
572 573 2
573 574 3
574 575 3
575 576 3
576 577 3
577 578 2
578 579 1
579 580 1
580 581 3
581 582 2
582 583 2
583 584 1
584 585 3
585 586 3
586 587 3
587 588 2
588 589 2
589 590 3
590 591 3
591 592 3
592 593 1
593 594 1
594 595 3
595 596 1
596 597 2
597 598 3
598 599 1
599 600 1
600 601 2
601 602 3
602 603 1
603 604 1
604 605 1
605 606 3
606 607 1
607 608 1
608 609 1
609 610 1
610 611 3
611 612 3
612 613 2
613 614 1
614 615 1
615 616 1
616 617 1
617 618 1
618 619 3
619 620 2
620 621 1
621 622 2
622 623 2
623 624 2
624 625 1
625 626 3
626 627 3
627 628 3
628 629 2
629 630 3
630 631 3
631 632 2
632 633 1
633 634 3
634 635 1
635 636 1
636 637 2
637 638 1
638 639 2
639 640 2
640 641 1
641 642 3
642 643 2
643 644 2
644 645 1
645 646 3
646 647 3
647 648 2
648 649 3
649 650 2
650 651 2
651 652 3
652 653 1
653 654 1
654 655 1
655 656 1
656 657 2
657 658 3
658 659 1
659 660 1
660 661 1
661 662 3
662 663 3
663 664 2
664 665 1
665 666 1
666 667 1
667 668 3
668 669 1
669 670 1
670 671 1
671 672 2
672 673 3
673 674 2
674 675 1
675 676 3
676 677 3
677 678 3
678 679 3
679 680 3
680 681 2
681 682 2
682 683 1
683 684 1
684 685 2
685 686 3
686 687 1
687 688 1
688 689 2
689 690 1
690 691 2
691 692 3
692 693 2
693 694 3
694 695 3
695 696 2
696 697 1
697 698 2
698 699 1
699 700 2
700 701 2
701 702 3
702 703 1
703 704 2
704 705 2
705 706 1
706 707 3
707 708 2
708 709 2
709 710 1
710 711 1
711 712 3
712 713 3
713 714 3
714 715 1
715 716 3
716 717 3
717 718 1
718 719 3
719 720 1
720 721 3
721 722 1
722 723 2
723 724 3
724 725 2
725 726 2
726 727 1
727 728 2
728 729 3
729 730 2
730 731 1
731 732 3
732 733 1
733 734 3
734 735 2
735 736 2
736 737 1
737 738 2
738 739 3
739 740 2
740 741 3
741 742 1
742 743 1
743 744 2
744 745 3
745 746 1
746 747 2
747 748 1
748 749 3
749 750 2
750 751 2
751 752 2
752 753 3
753 754 2
754 755 2
755 756 2
756 757 3
757 758 1
758 759 3
759 760 2
760 761 2
761 762 1
762 763 3
763 764 3
764 765 3
765 766 3
766 767 1
767 768 2
768 769 1
769 770 1
770 771 3
771 772 1
772 773 2
773 774 1
774 775 2
775 776 3
776 777 2
777 778 2
778 779 2
779 780 3
780 781 2
781 782 3
782 783 3
783 784 1
784 785 2
785 786 2
786 787 1
787 788 1
788 789 3
789 790 2
790 791 3
791 792 3
792 793 2
793 794 3
794 795 1
795 796 3
796 797 2
797 798 2
798 799 2
799 800 3
800 801 3
299 300 2
298 299 3
297 300 3
296 298 3
295 296 2
294 300 1
293 298 2
292 294 1
291 292 2
290 297 1
289 296 2
288 290 3
287 290 2
286 299 3
285 297 1
284 292 2
283 291 2
282 297 1
281 291 2
280 286 2
279 291 2
278 290 1
277 294 1
276 287 3
275 299 1
274 292 1
273 291 2
272 276 3
271 289 3
270 280 3
269 290 2
268 279 2
267 288 1
266 289 2
265 279 1
264 283 2
263 266 3
262 273 1
261 269 3
260 297 3
259 260 3
258 275 2
257 288 2
256 280 3
255 278 3
254 291 1
253 286 3
252 272 2
251 281 3
250 273 3
249 273 1
248 267 1
247 295 2
246 258 3
245 270 3
244 291 2
243 271 3
242 287 3
241 266 2
240 285 3
239 245 2
238 295 3
237 253 1
236 238 1
235 294 2
234 263 2
233 251 3
232 262 2
231 232 2
230 282 3
229 250 3
228 233 2
227 276 1
226 276 1
225 233 1
224 249 1
223 272 1
222 296 1
221 276 3
220 221 3
219 252 1
218 264 3
217 291 2
216 256 2
215 298 2
214 297 2
213 235 3
212 284 3
211 273 2
210 299 2
209 283 3
208 237 1
207 219 2
206 243 2
205 228 3
204 282 1
203 267 3
202 218 1
201 204 2
200 211 3
199 269 1
198 228 3
197 246 1
196 290 2
195 226 1
194 272 2
193 285 1
192 274 3
191 286 1
190 292 3
189 218 1
188 261 1
187 243 1
186 268 3
185 195 3
184 289 3
183 240 2
182 200 2
181 254 3
180 232 2
179 215 1
178 201 1
177 220 2
176 242 2
175 270 3
174 277 2
173 199 2
172 246 3
171 251 2
170 218 1
169 231 2
168 239 1
167 290 1
166 258 3
165 288 3
164 227 2
163 282 3
162 269 2
161 208 2
160 239 3
159 197 2
158 256 1
157 182 1
156 218 2
155 217 2
154 243 3
153 237 2
152 295 2
151 280 2
150 232 1
149 200 2
148 246 2
147 186 2
146 298 3
145 244 3
144 227 2
143 271 2
142 156 1
141 189 2
140 249 1
139 166 3
138 163 3
137 270 2
136 254 3
135 227 2
134 230 3
133 267 1
132 224 2
131 246 1
130 265 2
129 256 3
128 169 3
127 266 1
126 192 2
125 275 1
124 184 2
123 240 1
122 184 2
121 134 1
120 219 3
119 233 2
118 132 2
117 245 2
116 169 3
115 244 3
114 269 1
113 174 1
112 239 1
111 221 3
110 194 2
109 187 3
108 296 1
107 149 2
106 112 2
105 110 1
104 247 2
103 108 3
102 202 3
101 134 2
100 257 2
99 209 1
98 288 3
97 107 2
96 293 3
95 235 2
94 140 2
93 184 2
92 257 1
91 139 3
90 295 2
89 136 3
88 105 3
87 294 3
86 167 3
85 299 1
84 129 2
83 222 2
82 259 2
81 89 3
80 115 2
79 121 3
78 204 3
77 120 3
76 108 1
75 277 3
74 191 3
73 170 2
72 221 2
71 226 1
70 223 3
69 254 2
68 265 1
67 136 1
66 118 3
65 259 2
64 268 1
63 145 1
62 88 1
61 122 2
60 226 2
59 190 2
58 64 3
57 72 3
56 153 1
55 224 3
54 134 2
53 110 3
52 76 2
51 173 1
50 87 3
49 272 3
48 87 3
47 248 3
46 288 3
45 269 2
44 208 3
43 100 2
42 217 1
41 259 2
40 114 2
39 297 1
38 134 3
37 128 1
36 255 3
35 50 3
34 135 1
33 276 2
32 147 3
31 250 2
30 187 1
29 264 3
28 200 2
27 289 2
26 252 2
25 251 1
24 263 1
23 194 2
22 72 3
21 149 2
20 152 1
19 285 2
18 228 1
17 22 3
16 21 3
15 292 3
14 28 3
13 111 1
12 168 1
11 125 2
10 256 2
9 113 1
8 64 1
7 297 3
6 123 2
5 41 2
4 38 2
3 224 2
2 155 1
1 31 3
802 801 1
803 802 1
804 801 3
805 801 2
806 805 2
807 803 3
808 802 1
809 807 2
810 808 2
811 803 3
812 811 1
813 811 2
814 810 3
815 811 2
816 812 3
817 807 3
818 810 1
819 818 2
820 817 1
821 817 2
822 811 2
823 820 3
824 819 3
825 812 2
826 822 1
827 815 3
828 815 3
829 811 1
830 827 3
831 813 1
832 818 2
833 829 2
834 825 2
835 817 3
836 806 1
837 828 2
838 828 3
839 818 1
840 822 3
841 802 2
842 803 2
843 811 2
844 817 1
845 833 3
846 834 2
847 805 2
848 807 1
849 824 3
850 822 3
851 802 2
852 847 3
853 811 3
854 808 3
855 838 3
856 852 3
857 847 1
858 843 3
859 848 3
860 841 2
861 845 3
862 844 3
863 858 2
864 805 1
865 834 3
866 808 2
867 816 1
868 857 2
869 827 1
870 832 2
871 820 1
872 839 1
873 831 3
874 853 2
875 868 3
876 841 3
877 830 2
878 816 1
879 822 1
880 834 2
881 817 1
882 802 2
883 804 3
884 860 3
885 883 1
886 872 3
887 835 2
888 875 2
889 877 1
890 804 1
891 866 2
892 825 2
893 852 1
894 882 3
895 857 3
896 853 3
897 875 1
898 816 1
899 804 2
900 844 3
901 879 1
902 867 1
903 861 1
904 838 2
905 889 1
906 902 1
907 894 1
908 816 1
909 887 2
910 879 3
911 897 1
912 844 3
913 816 1
914 886 3
915 877 3
916 856 2
917 859 1
918 865 2
919 878 2
920 848 2
921 815 2
922 896 2
923 833 2
924 881 1
925 869 2
926 801 3
927 878 2
928 838 1
929 868 3
930 812 3
931 814 1
932 825 2
933 912 2
934 906 1
935 874 1
936 811 3
937 856 3
938 823 1
939 860 3
940 864 3
941 872 1
942 867 3
943 871 1
944 932 1
945 917 3
946 927 1
947 846 3
948 882 2
949 858 3
950 945 2
951 836 1
952 936 3
953 846 1
954 910 3
955 818 2
956 900 2
957 899 1
958 903 3
959 884 1
960 834 3
961 960 3
962 849 3
963 885 2
964 879 2
965 949 1
966 808 1
967 826 3
968 841 3
969 905 1
970 957 2
971 869 1
972 915 3
973 947 2
974 836 2
975 823 2
976 941 1
977 960 1
978 824 1
979 961 3
980 902 3
981 924 3
982 824 1
983 850 1
984 946 3
985 925 2
986 875 1
987 963 2
988 836 2
989 890 2
990 836 3
991 899 1
992 824 2
993 969 1
994 880 2
995 938 3
996 810 1
997 838 1
998 864 3
999 950 2
1000 817 3
184 151 3
197 92 1
194 261 2
17 9 2
6 276 1
288 264 2
105 182 2
813 905 2
170 285 1
289 284 2
169 155 2
8 299 1
299 169 2
74 179 3
11 278 2
251 284 1
296 197 3
813 878 2
183 62 2
274 95 1
182 235 1
163 58 1
23 125 3
134 171 1
59 3 1
907 854 2
77 273 2
281 222 2
148 55 3
29 97 2
43 183 2
186 207 3
919 967 1
990 966 1
834 857 3
946 895 3
23 265 1
233 11 1
109 263 1
245 296 2
42 144 2
211 12 2
74 27 1
887 889 3
18 131 1
277 279 2
212 63 3
290 162 3
160 82 1
82 236 1
110 244 3
828 940 3
170 300 2
129 57 3
64 82 2
20 190 2
47 67 3
828 912 3
984 890 2
30 58 2
836 821 3
876 905 2
975 844 1
987 884 2
215 183 1
906 983 2
824 917 1
114 121 3
56 284 2
66 45 3
877 946 1
899 896 3
27 67 3
300 239 3
261 224 1
136 120 2
50 2 2
137 136 2
827 886 1
272 171 3
20 202 3
223 100 3
97 112 2
218 118 1
250 247 2
831 832 3
212 130 3
101 15 2
108 113 3
247 25 3
278 208 2
45 137 3
852 931 2
194 195 1
197 108 1
837 923 3
118 41 2
82 50 2
816 866 1
223 18 2
248 249 1
906 919 3
291 263 3
264 133 1
927 933 3
185 266 2
219 129 1
259 222 3
24 142 1
212 208 3
120 132 1
134 194 2
151 49 2
65 193 2
170 274 3
49 268 3
79 152 2
24 269 1
155 181 1
156 203 2
997 957 2
123 271 1
253 249 3
133 299 3
96 19 1
262 154 1
272 43 3
40 57 3
254 15 2
844 946 3
858 837 2
101 24 1
292 158 2
141 85 1
189 199 3
896 958 1
958 922 2
225 219 1
57 64 1
905 826 2
809 879 3
280 181 2
230 17 2
89 138 2
848 997 3
209 15 1
979 871 1
871 935 2
946 828 2
130 28 2
129 236 1
249 53 2
952 931 2
129 250 3
162 287 3
984 919 2
269 10 1
283 82 1
254 44 1
821 834 1
222 81 3
138 16 2
185 176 1
989 991 1
220 202 1
247 106 3
162 237 1
120 11 1
102 230 2
180 247 3
864 878 1
890 901 3
34 82 1
940 878 3
89 259 3
226 184 1
58 182 2
225 151 1
148 127 3
845 921 3
887 946 2
996 917 1
222 112 1
83 23 2
854 922 1
924 889 1
989 814 2
271 99 3
295 270 3
998 951 1
35 15 2
286 166 1
277 80 3
914 802 2
57 259 1
285 145 2
202 110 2
103 53 1
249 231 2
275 98 3
855 853 1
