1500 3000
1 1500 2 1499
300 301 1
301 302 2
302 303 1
303 304 1
304 305 5
305 306 5
306 307 1
307 308 2
308 309 1
309 310 1
310 311 1
311 312 4
312 313 4
313 314 5
314 315 4
315 316 4
316 317 1
317 318 1
318 319 4
319 320 2
320 321 5
321 322 4
322 323 5
323 324 1
324 325 2
325 326 1
326 327 4
327 328 5
328 329 1
329 330 3
330 331 2
331 332 4
332 333 1
333 334 2
334 335 4
335 336 3
336 337 4
337 338 4
338 339 3
339 340 1
340 341 1
341 342 3
342 343 2
343 344 5
344 345 1
345 346 2
346 347 3
347 348 2
348 349 2
349 350 4
350 351 1
351 352 3
352 353 4
353 354 4
354 355 1
355 356 5
356 357 2
357 358 1
358 359 5
359 360 3
360 361 2
361 362 1
362 363 3
363 364 1
364 365 1
365 366 1
366 367 1
367 368 4
368 369 5
369 370 3
370 371 3
371 372 5
372 373 1
373 374 3
374 375 1
375 376 2
376 377 4
377 378 2
378 379 2
379 380 4
380 381 1
381 382 1
382 383 1
383 384 3
384 385 4
385 386 3
386 387 3
387 388 5
388 389 5
389 390 2
390 391 1
391 392 4
392 393 1
393 394 1
394 395 4
395 396 5
396 397 4
397 398 3
398 399 5
399 400 4
400 401 2
401 402 5
402 403 5
403 404 4
404 405 5
405 406 1
406 407 4
407 408 5
408 409 1
409 410 1
410 411 2
411 412 1
412 413 4
413 414 3
414 415 1
415 416 3
416 417 5
417 418 5
418 419 5
419 420 1
420 421 1
421 422 2
422 423 1
423 424 4
424 425 3
425 426 4
426 427 2
427 428 1
428 429 3
429 430 5
430 431 1
431 432 4
432 433 2
433 434 4
434 435 2
435 436 4
436 437 5
437 438 2
438 439 1
439 440 2
440 441 2
441 442 1
442 443 1
443 444 3
444 445 2
445 446 3
446 447 4
447 448 5
448 449 1
449 450 4
450 451 4
451 452 5
452 453 1
453 454 1
454 455 1
455 456 4
456 457 3
457 458 2
458 459 1
459 460 5
460 461 2
461 462 4
462 463 2
463 464 2
464 465 1
465 466 5
466 467 5
467 468 3
468 469 3
469 470 2
470 471 4
471 472 5
472 473 3
473 474 5
474 475 5
475 476 4
476 477 3
477 478 5
478 479 5
479 480 1
480 481 5
481 482 1
482 483 3
483 484 2
484 485 3
485 486 1
486 487 1
487 488 4
488 489 1
489 490 4
490 491 4
491 492 4
492 493 1
493 494 5
494 495 2
495 496 4
496 497 4
497 498 2
498 499 2
499 500 4
500 501 4
501 502 4
502 503 1
503 504 1
504 505 5
505 506 1
506 507 4
507 508 1
508 509 2
509 510 5
510 511 4
511 512 5
512 513 4
513 514 4
514 515 2
515 516 5
516 517 1
517 518 5
518 519 3
519 520 4
520 521 2
521 522 5
522 523 1
523 524 1
524 525 1
525 526 2
526 527 4
527 528 4
528 529 1
529 530 2
530 531 2
531 532 2
532 533 2
533 534 5
534 535 4
535 536 4
536 537 1
537 538 3
538 539 1
539 540 4
540 541 3
541 542 3
542 543 2
543 544 2
544 545 1
545 546 3
546 547 4
547 548 1
548 549 2
549 550 5
550 551 3
551 552 5
552 553 2
553 554 5
554 555 5
555 556 1
556 557 3
557 558 3
558 559 1
559 560 4
560 561 2
561 562 4
562 563 5
563 564 1
564 565 4
565 566 4
566 567 5
567 568 3
568 569 4
569 570 2
570 571 1
571 572 3
572 573 2
573 574 2
574 575 5
575 576 3
576 577 3
577 578 5
578 579 3
579 580 5
580 581 2
581 582 4
582 583 4
583 584 1
584 585 4
585 586 1
586 587 4
587 588 5
588 589 1
589 590 4
590 591 4
591 592 2
592 593 1
593 594 5
594 595 3
595 596 1
596 597 5
597 598 1
598 599 3
599 600 5
600 601 3
601 602 3
602 603 5
603 604 4
604 605 1
605 606 2
606 607 4
607 608 3
608 609 1
609 610 3
610 611 2
611 612 3
612 613 1
613 614 5
614 615 3
615 616 2
616 617 4
617 618 2
618 619 2
619 620 2
620 621 2
621 622 5
622 623 3
623 624 4
624 625 5
625 626 4
626 627 3
627 628 3
628 629 3
629 630 2
630 631 4
631 632 5
632 633 4
633 634 2
634 635 4
635 636 3
636 637 3
637 638 3
638 639 5
639 640 5
640 641 1
641 642 3
642 643 1
643 644 2
644 645 3
645 646 2
646 647 3
647 648 3
648 649 5
649 650 5
650 651 4
651 652 5
652 653 4
653 654 1
654 655 3
655 656 4
656 657 5
657 658 2
658 659 3
659 660 3
660 661 1
661 662 4
662 663 1
663 664 3
664 665 5
665 666 4
666 667 4
667 668 1
668 669 2
669 670 4
670 671 4
671 672 1
672 673 2
673 674 1
674 675 2
675 676 3
676 677 1
677 678 3
678 679 4
679 680 3
680 681 5
681 682 1
682 683 3
683 684 2
684 685 3
685 686 1
686 687 2
687 688 1
688 689 3
689 690 3
690 691 5
691 692 3
692 693 4
693 694 3
694 695 3
695 696 3
696 697 4
697 698 2
698 699 3
699 700 1
700 701 1
701 702 3
702 703 2
703 704 2
704 705 5
705 706 4
706 707 2
707 708 5
708 709 3
709 710 5
710 711 2
711 712 1
712 713 3
713 714 4
714 715 4
715 716 5
716 717 4
717 718 4
718 719 3
719 720 5
720 721 1
721 722 2
722 723 2
723 724 3
724 725 5
725 726 4
726 727 2
727 728 1
728 729 3
729 730 5
730 731 4
731 732 1
732 733 3
733 734 1
734 735 4
735 736 3
736 737 3
737 738 3
738 739 2
739 740 1
740 741 1
741 742 2
742 743 3
743 744 5
744 745 2
745 746 5
746 747 3
747 748 2
748 749 1
749 750 5
750 751 2
751 752 1
752 753 5
753 754 4
754 755 5
755 756 3
756 757 1
757 758 2
758 759 2
759 760 1
760 761 2
761 762 3
762 763 1
763 764 3
764 765 5
765 766 1
766 767 3
767 768 4
768 769 2
769 770 2
770 771 1
771 772 5
772 773 3
773 774 3
774 775 5
775 776 3
776 777 1
777 778 5
778 779 3
779 780 3
780 781 4
781 782 2
782 783 3
783 784 5
784 785 3
785 786 1
786 787 4
787 788 3
788 789 3
789 790 1
790 791 5
791 792 4
792 793 4
793 794 1
794 795 1
795 796 5
796 797 5
797 798 4
798 799 2
799 800 3
800 801 5
299 300 4
298 300 1
297 299 3
296 299 2
295 298 2
294 295 3
293 296 3
292 294 2
291 295 5
290 300 2
289 299 3
288 289 5
287 289 1
286 292 1
285 291 4
284 291 3
283 295 3
282 294 1
281 283 4
280 287 1
279 284 5
278 285 5
277 299 3
276 290 2
275 279 5
274 280 1
273 289 4
272 288 4
271 278 2
270 295 5
269 294 1
268 269 1
267 297 2
266 286 5
265 284 1
264 281 4
263 298 2
262 287 3
261 278 1
260 269 3
259 261 4
258 269 3
257 269 1
256 282 5
255 260 1
254 292 2
253 283 4
252 297 2
251 264 2
250 297 1
249 268 3
248 254 3
247 273 5
246 259 4
245 258 1
244 269 1
243 244 1
242 287 3
241 296 4
240 265 1
239 293 3
238 243 4
237 239 4
236 265 3
235 294 3
234 266 5
233 250 2
232 282 2
231 258 1
230 251 4
229 278 4
228 292 4
227 287 2
226 264 4
225 258 3
224 244 5
223 228 4
222 243 4
221 231 5
220 289 5
219 240 3
218 268 1
217 222 3
216 241 3
215 252 3
214 239 1
213 300 4
212 243 5
211 220 1
210 273 2
209 241 2
208 213 5
207 253 4
206 221 5
205 257 3
204 244 4
203 262 5
202 286 5
201 229 5
200 209 4
199 226 2
198 233 3
197 261 5
196 298 3
195 214 1
194 218 4
193 232 2
192 224 3
191 289 3
190 223 4
189 268 2
188 274 1
187 227 1
186 211 3
185 286 2
184 227 1
183 241 4
182 183 3
181 284 4
180 233 5
179 232 3
178 269 3
177 293 3
176 221 5
175 299 5
174 273 2
173 277 1
172 200 3
171 205 1
170 207 1
169 282 3
168 192 4
167 223 4
166 259 4
165 248 1
164 167 5
163 178 1
162 175 1
161 210 1
160 239 5
159 193 1
158 235 4
157 243 2
156 208 1
155 220 3
154 295 4
153 209 3
152 278 3
151 222 3
150 228 1
149 259 3
148 190 1
147 163 5
146 240 3
145 166 4
144 243 2
143 232 4
142 172 4
141 165 2
140 220 4
139 222 1
138 252 4
137 243 5
136 176 3
135 148 1
134 187 3
133 259 4
132 166 3
131 169 4
130 270 5
129 280 1
128 179 2
127 258 5
126 181 1
125 212 1
124 286 4
123 260 5
122 243 4
121 147 1
120 262 5
119 172 1
118 222 2
117 274 5
116 219 3
115 199 5
114 123 5
113 281 2
112 271 3
111 256 1
110 268 3
109 252 3
108 155 4
107 243 5
106 125 5
105 207 3
104 257 4
103 203 1
102 297 4
101 204 5
100 291 3
99 285 3
98 156 1
97 121 4
96 296 4
95 253 2
94 298 5
93 234 5
92 257 3
91 115 3
90 217 1
89 288 2
88 160 1
87 156 1
86 192 2
85 209 5
84 137 3
83 162 2
82 144 2
81 128 4
80 156 5
79 131 1
78 246 2
77 214 4
76 186 5
75 156 2
74 204 1
73 102 1
72 282 4
71 253 3
70 105 4
69 142 1
68 202 2
67 209 1
66 212 4
65 289 2
64 196 4
63 190 1
62 225 4
61 114 3
60 210 1
59 142 3
58 120 2
57 116 5
56 141 5
55 234 5
54 148 2
53 279 3
52 264 2
51 61 1
50 74 4
49 120 3
48 288 3
47 65 4
46 186 1
45 144 4
44 184 4
43 295 5
42 238 1
41 274 2
40 50 2
39 269 1
38 149 2
37 173 4
36 259 1
35 58 1
34 296 2
33 71 3
32 195 4
31 69 5
30 44 3
29 220 4
28 165 1
27 208 4
26 155 5
25 186 3
24 265 4
23 151 4
22 124 5
21 265 3
20 274 1
19 69 2
18 41 1
17 295 1
16 293 4
15 129 5
14 119 4
13 41 1
12 186 3
11 52 4
10 186 5
9 154 1
8 275 1
7 12 3
6 249 2
5 187 1
4 85 4
3 123 2
2 98 2
1 15 3
802 801 3
803 801 5
804 801 2
805 802 4
806 804 5
807 803 5
808 802 1
809 805 1
810 809 4
811 804 1
812 802 2
813 805 1
814 808 4
815 811 5
816 812 2
817 806 3
818 803 3
819 805 2
820 813 5
821 805 5
822 821 4
823 807 3
824 808 1
825 809 4
826 809 1
827 817 4
828 827 2
829 802 5
830 801 5
831 818 4
832 824 4
833 825 3
834 806 1
835 818 1
836 825 5
837 808 5
838 807 3
839 818 4
840 839 4
841 820 5
842 812 3
843 837 5
844 832 1
845 807 2
846 840 4
847 844 3
848 817 3
849 828 3
850 818 2
851 818 3
852 825 3
853 801 1
854 820 5
855 811 4
856 846 1
857 817 4
858 815 4
859 856 3
860 806 5
861 809 1
862 847 5
863 840 4
864 801 3
865 833 3
866 850 1
867 855 2
868 811 1
869 839 4
870 813 5
871 854 3
872 822 3
873 820 3
874 804 3
875 836 5
876 868 2
877 860 4
878 863 5
879 831 5
880 877 4
881 833 5
882 875 3
883 862 1
884 850 2
885 873 3
886 855 1
887 834 5
888 884 2
889 840 3
890 878 2
891 839 1
892 875 3
893 827 2
894 868 3
895 843 3
896 853 5
897 882 2
898 871 1
899 896 5
900 810 2
901 814 3
902 901 5
903 885 3
904 808 1
905 877 5
906 809 1
907 828 4
908 858 1
909 826 5
910 856 2
911 854 3
912 828 4
913 904 4
914 886 2
915 858 4
916 841 1
917 914 4
918 843 1
919 836 4
920 859 3
921 815 4
922 810 2
923 803 5
924 902 2
925 859 4
926 907 3
927 902 1
928 817 3
929 875 1
930 893 4
931 928 5
932 867 5
933 890 2
934 892 4
935 897 4
936 881 3
937 838 1
938 908 2
939 893 4
940 843 1
941 826 1
942 813 4
943 821 2
944 919 2
945 912 1
946 912 5
947 900 1
948 844 5
949 854 2
950 897 2
951 866 1
952 912 2
953 880 4
954 933 5
955 941 4
956 815 5
957 833 3
958 894 4
959 942 4
960 881 3
961 854 5
962 931 5
963 925 5
964 916 1
965 871 5
966 809 3
967 942 4
968 900 5
969 879 1
970 912 5
971 817 2
972 842 3
973 804 5
974 908 4
975 927 4
976 855 3
977 869 5
978 821 2
979 939 1
980 828 1
981 888 1
982 902 4
983 857 1
984 927 2
985 824 3
986 803 5
987 888 3
988 948 5
989 884 2
990 840 5
991 917 4
992 863 5
993 974 3
994 852 1
995 810 3
996 807 3
997 923 1
998 843 4
999 819 3
1000 852 2
1001 832 5
1002 890 5
1003 860 5
1004 920 1
1005 940 1
1006 973 4
1007 844 4
1008 968 2
1009 903 3
1010 933 1
1011 959 3
1012 807 5
1013 904 3
1014 966 1
1015 975 3
1016 809 4
1017 963 4
1018 863 5
1019 937 5
1020 951 2
1021 886 2
1022 902 5
1023 970 1
1024 1016 4
1025 978 1
1026 956 3
1027 875 5
1028 857 4
1029 923 2
1030 873 3
1031 971 1
1032 981 1
1033 973 5
1034 844 2
1035 920 5
1036 901 2
1037 1009 4
1038 980 2
1039 994 2
1040 843 3
1041 818 4
1042 981 2
1043 978 1
1044 979 5
1045 910 1
1046 949 2
1047 830 5
1048 846 5
1049 868 1
1050 804 1
1051 813 1
1052 977 5
1053 890 2
1054 1009 4
1055 869 3
1056 945 2
1057 942 1
1058 924 2
1059 974 5
1060 988 3
1061 1040 2
1062 850 3
1063 1016 5
1064 848 3
1065 946 4
1066 821 3
1067 1061 4
1068 844 4
1069 919 2
1070 1028 3
1071 1044 1
1072 1011 3
1073 844 5
1074 938 1
1075 1039 1
1076 935 5
1077 882 2
1078 979 5
1079 1028 4
1080 942 3
1081 1067 3
1082 822 3
1083 884 2
1084 959 3
1085 1016 1
1086 1016 5
1087 891 1
1088 1033 2
1089 864 3
1090 938 4
1091 927 5
1092 886 2
1093 956 3
1094 860 3
1095 1050 2
1096 1006 4
1097 813 1
1098 829 5
1099 807 1
1100 1074 4
1101 1023 5
1102 972 4
1103 845 3
1104 880 2
1105 1033 4
1106 853 5
1107 1094 3
1108 998 3
1109 851 4
1110 845 4
1111 834 1
1112 1020 3
1113 1107 3
1114 926 5
1115 899 2
1116 913 3
1117 1023 2
1118 1012 5
1119 1061 5
1120 1103 3
1121 942 3
1122 1041 4
1123 964 5
1124 813 3
1125 921 2
1126 869 3
1127 1046 5
1128 1103 2
1129 821 2
1130 1025 1
1131 1126 2
1132 1029 5
1133 880 3
1134 928 1
1135 889 3
1136 1072 1
1137 1075 4
1138 996 2
1139 849 3
1140 1108 1
1141 1042 4
1142 845 4
1143 1069 1
1144 900 5
1145 1079 5
1146 1084 1
1147 1002 5
1148 1133 2
1149 1048 2
1150 877 1
1151 850 4
1152 988 3
1153 1067 2
1154 1064 2
1155 866 3
1156 838 5
1157 898 5
1158 944 5
1159 1091 1
1160 951 1
1161 905 2
1162 1053 5
1163 953 3
1164 1011 1
1165 1117 3
1166 1053 3
1167 892 1
1168 817 5
1169 1134 4
1170 945 5
1171 1076 5
1172 1025 5
1173 1064 2
1174 1121 3
1175 882 4
1176 1074 1
1177 971 3
1178 917 2
1179 1002 3
1180 1030 3
1181 965 5
1182 948 5
1183 844 5
1184 1083 4
1185 1170 3
1186 872 5
1187 1075 3
1188 1134 1
1189 889 2
1190 866 2
1191 1166 4
1192 816 2
1193 849 2
1194 977 5
1195 988 1
1196 899 4
1197 974 3
1198 843 2
1199 975 2
1200 803 3
1201 858 3
1202 955 3
1203 975 1
1204 811 5
1205 1116 2
1206 820 2
1207 954 2
1208 822 3
1209 922 3
1210 1032 5
1211 1061 5
1212 1067 4
1213 931 1
1214 884 4
1215 873 1
1216 1081 2
1217 1068 3
1218 975 4
1219 927 2
1220 989 5
1221 1173 2
1222 985 5
1223 1102 3
1224 930 5
1225 945 1
1226 1056 5
1227 1136 3
1228 1035 5
1229 1032 5
1230 911 1
1231 1194 2
1232 810 2
1233 804 5
1234 877 2
1235 1103 3
1236 1050 1
1237 821 2
1238 1221 4
1239 827 3
1240 1128 3
1241 1204 5
1242 1148 1
1243 914 3
1244 1240 4
1245 873 1
1246 913 3
1247 891 1
1248 1085 2
1249 986 1
1250 1128 5
1251 911 3
1252 867 2
1253 1065 2
1254 1084 3
1255 1212 3
1256 1188 1
1257 860 1
1258 1254 2
1259 1083 3
1260 1187 3
1261 967 5
1262 968 2
1263 1130 2
1264 974 1
1265 864 5
1266 836 2
1267 984 2
1268 1203 4
1269 1160 5
1270 870 3
1271 1201 2
1272 1238 1
1273 1234 5
1274 1084 4
1275 888 3
1276 1163 2
1277 1260 1
1278 1274 5
1279 979 1
1280 951 1
1281 981 2
1282 1006 5
1283 1032 5
1284 888 1
1285 939 4
1286 1206 3
1287 1205 2
1288 1062 5
1289 843 5
1290 1268 1
1291 1209 4
1292 989 3
1293 1050 5
1294 1146 2
1295 952 1
1296 848 4
1297 1234 3
1298 943 5
1299 1094 2
1300 1248 2
1301 1111 4
1302 951 4
1303 989 2
1304 814 3
1305 969 1
1306 1283 4
1307 974 1
1308 1131 2
1309 1052 4
1310 1261 2
1311 1230 2
1312 1252 5
1313 1293 4
1314 906 2
1315 829 5
1316 1065 1
1317 868 2
1318 1267 5
1319 854 2
1320 927 4
1321 918 3
1322 1039 3
1323 1246 1
1324 1067 3
1325 951 3
1326 988 5
1327 1187 3
1328 1038 5
1329 1107 3
1330 969 5
1331 825 3
1332 1301 4
1333 822 3
1334 1239 4
1335 973 4
1336 1065 5
1337 1106 1
1338 1005 5
1339 1304 4
1340 1327 4
1341 1283 1
1342 932 1
1343 1161 2
1344 1044 4
1345 884 3
1346 831 4
1347 1047 5
1348 1303 5
1349 1077 5
1350 856 1
1351 804 4
1352 954 2
1353 1263 2
1354 986 2
1355 1015 4
1356 1342 5
1357 1353 3
1358 971 3
1359 983 2
1360 915 5
1361 1243 4
1362 1130 1
1363 1227 5
1364 922 3
1365 1114 5
1366 979 4
1367 1145 5
1368 1298 1
1369 854 5
1370 1166 5
1371 1242 3
1372 1253 5
1373 903 1
1374 865 1
1375 1128 1
1376 1264 4
1377 1015 5
1378 834 2
1379 1179 5
1380 1177 4
1381 881 5
1382 1179 3
1383 1177 2
1384 1090 5
1385 875 2
1386 1036 4
1387 1336 5
1388 1385 2
1389 1132 4
1390 1263 1
1391 963 4
1392 1066 2
1393 1262 2
1394 1364 5
1395 1300 5
1396 899 5
1397 908 5
1398 1254 2
1399 919 2
1400 1284 2
1401 960 2
1402 1203 2
1403 1173 5
1404 801 1
1405 1071 1
1406 940 3
1407 906 4
1408 1060 1
1409 1294 1
1410 859 4
1411 951 1
1412 1180 1
1413 1061 5
1414 1315 2
1415 1227 1
1416 1021 3
1417 1334 1
1418 1196 3
1419 935 5
1420 1158 5
1421 1146 3
1422 915 4
1423 1010 1
1424 950 1
1425 1227 4
1426 1271 5
1427 885 3
1428 1191 2
1429 1175 1
1430 1029 4
1431 1281 3
1432 1039 2
1433 1422 4
1434 1394 2
1435 1014 5
1436 1024 5
1437 913 4
1438 1007 4
1439 1184 1
1440 977 1
1441 870 2
1442 826 4
1443 1161 1
1444 1416 2
1445 1009 3
1446 1366 3
1447 875 2
1448 965 4
1449 1387 1
1450 1139 5
1451 1279 2
1452 923 1
1453 845 2
1454 1407 2
1455 1125 2
1456 1159 3
1457 845 3
1458 1058 4
1459 850 2
1460 967 5
1461 1025 1
1462 1173 4
1463 974 4
1464 1250 3
1465 1073 3
1466 815 1
1467 1341 4
1468 1337 3
1469 1123 4
1470 1440 1
1471 1148 1
1472 874 5
1473 894 2
1474 1322 3
1475 944 1
1476 1433 5
1477 1349 3
1478 1137 2
1479 946 5
1480 1198 5
1481 927 5
1482 1451 3
1483 807 5
1484 1129 5
1485 872 1
1486 1354 5
1487 845 2
1488 1017 1
1489 1412 5
1490 828 3
1491 1020 5
1492 1453 1
1493 914 4
1494 1234 5
1495 1242 1
1496 995 5
1497 1385 4
1498 943 4
1499 1169 1
1500 830 3
88 232 4
945 913 4
1027 878 2
1473 1038 3
53 143 5
83 251 4
1487 1413 4
1086 971 2
69 287 1
1469 1371 5
1189 1473 2
1392 819 3
1104 952 2
1470 959 1
1329 1331 4
270 296 1
987 1452 4
1371 827 1
1090 822 2
1424 1270 5
1283 1441 1
938 1383 5
1339 1277 1
1499 918 1
1450 1266 2
36 149 5
1195 949 3
1305 1390 5
1019 1441 3
211 197 3
848 910 4
848 853 5
845 1404 1
1368 1369 5
851 1146 4
919 852 1
839 1301 1
237 293 3
941 884 4
1336 1115 2
946 812 5
1250 1278 3
902 1479 1
1487 829 2
1343 1310 5
1097 1399 3
10 65 2
1271 961 3
820 1170 2
1132 1481 4
960 1359 2
1067 1362 2
877 1211 4
1249 1034 4
54 99 4
817 1048 1
980 1010 1
1147 1358 5
1004 855 2
1020 1293 4
1205 921 3
1297 1164 3
839 1204 4
1378 994 2
991 1415 1
1316 988 1
1325 1476 5
1129 1360 2
1374 964 4
1147 1215 3
901 1496 1
861 864 1
243 191 4
1467 1400 4
1144 1007 1
1460 1166 2
858 1394 4
1291 1455 4
964 1332 4
1268 1198 4
1385 972 1
1018 1285 3
1368 1193 5
848 1116 2
1128 815 2
1130 974 2
1308 1187 2
1451 1030 5
1427 1258 3
1096 1191 1
1497 1056 3
919 1346 2
1452 887 3
1368 1104 2
1267 1072 3
808 1010 3
818 967 5
55 229 1
274 231 3
1476 1416 2
1176 814 2
1024 889 3
1038 1339 3
1106 1259 2
1298 1483 1
911 1057 1
238 265 4
1194 1320 1
813 971 3
59 113 5
1477 1161 5
155 49 4
1272 918 3
1183 1229 2
1458 1121 5
251 52 5
1427 1434 2
1070 1099 4
802 1125 5
1166 1365 2
1078 1096 2
1153 1411 2
1398 1143 4
271 214 5
962 1276 2
1236 1200 2
1310 1033 1
912 805 2
1377 859 4
1223 1214 3
1068 1356 5
844 1392 4
820 1033 1
147 222 3
968 1028 2
1435 929 2
810 1491 5
272 97 1
981 835 4
1462 1049 4
924 990 3
1210 1474 4
938 1020 1
1021 815 1
287 239 1
941 1009 3
1083 820 2
969 882 5
967 881 3
1206 1145 4
943 1484 1
88 51 5
1046 941 5
843 1292 1
1130 1500 5
1007 1076 5
803 1153 2
1103 1297 5
1421 1312 2
1101 1112 3
1177 1003 1
1266 1068 2
1358 1415 3
1066 1386 4
823 982 1
1116 1262 1
52 193 2
956 1271 3
873 1371 5
1006 1197 1
1144 1397 1
1371 1261 1
1176 921 5
988 970 3
1490 1136 1
34 248 3
105 83 5
868 1452 3
1238 1342 2
1078 1285 1
1195 829 3
822 1065 1
270 27 1
1159 1476 1
1430 1225 3
107 131 1
1483 1409 4
1301 1306 4
1492 1400 4
1429 1394 2
870 1129 3
1436 921 4
1213 1330 4
28 209 1
266 196 4
108 53 3
235 183 2
965 958 3
1151 1025 4
1315 928 5
1444 867 5
996 922 3
807 1207 1
1058 1274 4
32 193 4
824 1421 2
1016 1057 2
868 956 1
1492 1340 1
1114 842 1
1346 1149 1
1278 882 4
1360 1362 4
928 811 3
294 104 3
1483 1064 3
1242 1146 4
967 984 2
1013 1016 5
1472 1363 2
1052 1295 4
1142 1214 4
811 831 5
1171 1097 3
868 1113 4
1118 837 1
1492 962 1
1142 1123 4
875 1202 4
1070 1294 2
1266 1240 1
945 1309 3
287 9 4
1147 1009 5
1303 1183 1
1127 1060 1
1051 1237 1
851 1322 1
1029 924 3
1299 908 5
1044 1282 1
1393 1286 1
1371 1048 3
990 1485 1
1060 1346 3
1442 840 2
1057 1191 4
1031 1062 1
1278 1085 1
849 1087 1
1192 992 5
1302 992 1
914 918 1
1057 1140 3
1194 1002 4
42 221 5
183 285 2
822 1484 4
1004 1238 5
99 40 3
838 1412 5
1446 893 5
66 200 1
1457 1005 1
1367 984 1
1361 1278 2
191 234 3
1393 900 2
1483 1292 5
143 194 2
1417 814 4
1414 1400 2
837 908 2
200 241 3
869 970 1
1064 1259 5
985 1203 5
195 51 4
864 877 5
1071 812 1
865 927 4
1272 1302 2
114 216 1
939 1000 2
1487 1297 5
1310 1162 5
831 886 1
1234 856 2
1377 1045 5
1153 942 2
1473 1170 3
1003 1277 5
1331 936 5
1400 1020 2
945 1361 3
848 828 2
1253 1379 1
1117 1421 4
1132 846 2
1417 1388 3
862 1431 2
1360 973 3
1066 1416 3
1294 1018 3
1429 817 1
1015 984 2
1330 1227 4
980 832 3
1322 1353 3
1179 915 5
1375 813 2
1237 993 1
1201 1468 3
73 280 2
924 1254 5
243 67 1
1085 1135 4
920 931 4
846 1057 2
1313 1152 1
1432 1392 3
78 114 5
855 1006 1
272 157 3
1034 1454 2
855 997 4
1404 831 1
1026 1094 4
861 1038 4
1095 1057 1
1030 1433 3
981 980 2
1351 1122 3
233 45 3
944 895 1
1101 814 3
1451 1004 3
1243 979 1
803 888 1
894 848 2
846 900 2
1185 1195 5
803 942 2
1170 924 2
1265 1130 5
933 982 4
25 174 4
1275 1179 3
1000 1390 5
1284 1423 2
846 1150 3
1145 1373 3
1184 971 2
843 910 3
977 1469 1
118 88 5
1438 1155 5
1048 1143 3
1397 827 1
1146 1120 4
1417 820 1
1363 1426 2
806 1154 3
1493 1063 5
1365 881 1
1268 1091 2
270 271 3
193 51 2
24 282 4
1494 1270 3
1234 1098 5
1428 1378 1
1082 989 1
846 813 3
955 900 1
229 264 5
1354 1484 1
1165 1453 1
169 26 5
1052 1033 1
1113 1286 3
974 847 4
1244 1347 5
1010 1284 3
143 178 5
1252 1034 5
923 1147 4
1441 965 4
1141 1222 5
1142 1429 4
861 874 4
1056 1043 5
1374 1381 2
1328 999 2
208 273 4
1350 1442 4
878 1416 1
821 836 3
1010 1290 2
847 1421 4
1207 1160 1
1405 1418 2
1468 1368 2
955 1108 2
1035 1384 4
7 178 3
913 1018 4
1094 1307 2
1421 1081 3
1479 1088 1
20 289 2
1099 870 2
35 57 1
1182 1041 1
1352 910 2
925 1173 3
1279 830 5
90 86 1
215 80 1
1185 1400 3
1220 1088 5
1299 963 2
822 1077 3
1127 1319 1
922 943 5
1067 831 5
1130 1346 3
1069 1271 5
1270 848 1
1310 1419 1
997 1157 1
209 184 2
1070 901 1
1371 1293 1
1378 1152 3
1253 1412 4
1303 1216 2
225 6 3
145 126 4
1100 828 5
1146 1452 1
1059 1414 3
1067 1141 5
1304 1353 4
949 1330 3
187 234 2
1126 1166 2
802 1036 4
1400 1083 2
886 951 1
1092 1251 2
1222 1274 2
168 220 3
814 849 3
1024 1084 2
211 129 2
1286 886 3
1047 1078 5
1218 902 2
1379 870 1
271 59 3
844 899 3
834 803 2
1260 877 3
1474 1402 4
200 111 2
1458 1389 2
1008 1171 3
1199 853 1
1399 1024 1
40 253 4
825 1100 5
1488 1319 1
1354 891 1
132 196 5
1200 1096 1
1456 1182 3
1460 1192 4
1125 1487 2
916 1027 2
31 211 2
1455 835 3
296 127 1
881 1184 3
60 257 4
865 1371 5
1136 1466 3
1376 1453 3
1214 1031 2
1460 1315 4
849 835 1
1243 1267 1
1186 961 3
1321 954 3
1321 1174 5
1328 1222 5
231 133 5
1475 1047 5
1037 1362 3
1428 920 5
125 142 1
889 1023 1
1404 1335 4
979 1404 2
1070 1431 5
1222 964 1
1404 1232 4
1348 978 2
1153 964 5
915 1454 1
18 92 1
1161 1143 1
944 1264 5
1132 1249 3
1398 1195 1
1270 1446 4
1467 981 2
841 805 5
1151 867 2
1072 1425 1
1172 1398 4
1141 1069 2
1327 1335 3
929 1432 3
981 1265 5
1342 1336 1
845 805 4
1 10 2
908 1328 3
1138 1350 5
1445 853 3
140 148 2
1460 1183 5
189 176 3
1283 1038 4
989 1384 4
1376 1162 1
1269 961 2
1206 1393 1
897 1064 2
1480 1133 3
1441 1250 2
1468 1132 1
1429 1307 1
1322 1174 1
1394 1458 2
230 60 4
1463 878 1
1195 1018 5
1189 949 2
1259 877 2
1297 1408 2
998 1212 2
1057 1383 3
203 45 1
1365 988 4
1293 850 4
1071 1314 1
230 298 2
1301 1153 1
19 70 4
1084 921 1
1339 830 2
1378 1051 1
1016 1166 5
265 26 5
924 1237 3
1144 1477 4
1432 926 1
1336 965 5
882 1068 5
886 1145 1
1114 1151 2
1108 825 5
1390 1286 1
938 1260 4
1162 1223 4
96 107 1
1171 860 1
858 1063 3
939 1334 5
1200 1197 3
131 213 4
982 1282 2
897 872 2
1258 968 5
1240 975 1
957 921 3
245 139 2
817 1247 5
1187 830 4
871 894 3
1258 897 5
896 851 1
155 249 5
1420 1292 1
1399 1400 2
33 225 2
1244 1315 5
1440 1155 4
1089 1178 5
171 76 2
1144 1046 3
909 1036 2
1077 1048 4
978 1295 4
1392 1232 4
1205 1305 5
892 1317 3
1429 1056 3
1495 1281 3
1047 1058 3
1113 1053 4
1239 1140 1
9 200 2
808 1028 2
1483 1331 3
881 1472 5
1316 964 3
986 815 3
1116 1290 2
1422 1039 2
1492 1369 3
1135 1431 1
950 1413 5
1242 849 4
1268 935 2
1227 1142 1
945 1022 3
851 882 3
1292 1176 3
980 839 3
972 1443 5
241 139 1
1222 1201 4
1253 1318 2
1335 1111 2
1397 1085 3
226 3 4
1281 1358 1
1158 1020 4
1231 855 2
1258 1239 1
112 3 2
1335 906 5
844 1188 1
1357 1458 3
287 248 3
1443 908 1
1071 1420 3
1316 1423 2
195 138 5
134 8 4
42 222 2
837 1281 5
1092 1089 1
1017 998 2
1152 1411 3
1188 1429 2
1096 971 2
1154 878 2
1094 1250 2
998 1347 1
1382 1271 5
1049 968 4
943 983 3
890 1450 4
1431 852 2
48 222 2
1064 1207 4
1248 1323 4
1263 1089 1
1117 1149 5
853 933 4
1068 1129 3
217 74 1
53 59 5
1329 1195 1
1189 1465 3
1066 887 1
1065 990 2
1025 871 2
1203 1289 3
30 165 3
941 1403 2
1056 1159 1
1416 1219 4
146 268 5
1286 1003 3
1103 967 1
189 188 2
1407 1491 1
1322 1266 5
1467 1462 2
1422 934 1
1063 1406 4
1390 1168 4
1183 801 1
1034 1104 2
1302 814 1
81 277 5
1043 1189 3
1483 1242 4
837 1148 3
43 299 1
841 1346 4
1000 1029 5
1469 837 1
1292 1492 5
1166 1025 5
288 285 1
880 1018 3
1295 1049 1
1061 961 1
1186 1227 4
939 1302 5
1487 1302 1
1313 992 4
1245 891 3
1185 1250 2
1302 1461 3
1254 1248 3
24 194 5
1190 1442 1
126 186 5
1146 1293 1
910 1191 5
1274 1011 1
1418 1211 4
953 1232 3
1050 1186 1
1420 1178 5
236 28 3
1393 1063 5
919 954 2
1191 816 4
804 1500 1
812 1162 1
1364 1363 3
109 296 1
1248 1351 3
1125 869 1
218 231 1
1445 1281 2
841 845 2
1011 1129 1
1136 835 4
1092 1342 2
996 1494 1
1096 909 1
1449 1384 1
263 19 5
216 105 3
946 823 1
1004 1076 5
230 37 5
1291 805 1
1301 1357 1
892 1238 3
1312 1339 3
1274 1190 1
265 62 3
1389 1430 3
1179 1118 2
1230 1032 5
1158 1139 4
1307 1365 1
1498 1361 2
1134 879 3
1396 1239 2
1461 1353 3
280 104 5
1302 1235 3
287 195 3
1301 1489 1
1488 871 3
1297 1434 3
996 1352 3
1376 814 4
258 34 2
892 1083 4
1475 930 2
1469 1038 4
1012 1020 3
12 256 1
1373 931 2
827 931 4
1381 1418 2
811 1146 5
211 43 5
1370 936 2
1028 1203 3
1470 1212 3
1211 1124 4
1306 1093 2
1398 995 2
1481 1271 2
871 857 1
1164 1388 4
908 1450 4
1019 969 5
1018 1015 4
1015 1002 4
1300 828 1
985 855 5
1062 1126 2
976 1498 2
1371 874 2
202 7 1
286 67 2
1485 1498 5
1210 1062 1
1491 802 2
969 1292 4
1270 911 1
1440 1132 3
857 1283 4
950 907 3
1321 1416 5
1110 1359 3
961 1249 3
175 152 3
1074 1398 2
81 184 5
907 1255 4
1461 1015 4
194 289 2
938 904 3
1299 1350 2
974 1396 2
47 95 3
1038 1280 4
1428 1395 4
1355 1287 3
1470 1247 2
1229 1094 2
1324 1247 2
901 919 2
1331 1037 2
1469 1124 1
1339 1451 1
1022 899 2
210 56 1
1460 1144 5
195 277 3
1445 1426 2
984 1056 4
1119 1101 5
1153 1272 2
1297 900 4
1222 950 4
964 1057 3
1376 1191 2
1052 1186 4
19 232 3
1041 965 2
1456 805 2
1042 1115 3
905 956 3
1026 1010 1
53 131 1
1371 1299 2
66 117 4
1095 1226 4
1006 1351 5
260 31 1
1273 1215 3
1016 1372 1
1225 1238 1
1090 973 4
1496 1199 5
1120 1077 1
1421 857 1
1246 959 5
1029 958 1
819 1086 4
1058 861 2
1190 1005 1
1151 1076 5
1068 1085 5
1166 1352 1
1404 1107 4
1430 1314 2
1447 949 4
876 1101 5
1472 1047 3
1399 1391 3
813 994 5
875 868 5
998 1282 4
1108 1439 4
1226 1098 3
902 1159 1
161 131 4
1197 894 2
953 1110 2
1016 1150 2
1413 1215 1
1194 1484 3
1234 1128 4
847 1317 4
957 1191 2
1244 815 4
1079 884 2
196 260 4
1112 1445 3
1451 1130 3
205 288 2
1396 1184 2
903 1001 5
891 965 4
1223 1413 5
1235 1348 5
939 1282 2
939 946 3
1077 827 3
832 1126 2
873 1165 3
1481 1144 5
1462 980 1
1263 917 5
1427 1429 5
843 874 3
819 1009 3
1267 1202 1
824 1285 3
11 152 3
1420 824 3
898 939 1
1324 1386 2
97 102 4
1368 1210 5
1002 869 5
1458 1216 2
212 285 1
809 1112 4
1194 1159 5
234 26 4
298 110 5
1125 871 1
1414 919 3
1298 1219 1
1081 1274 1
29 112 2
1162 1357 3
177 120 2
1421 1159 1
1075 1238 4
972 1165 2
1292 1407 5
1274 842 2
1231 1475 2
1069 1182 2
856 1119 2
965 1266 1
1127 1063 5
840 1384 3
1171 1319 3
1416 997 2
153 15 1
1454 1404 5
1069 1087 2
1064 1232 4
882 964 4
1395 1289 1
1498 1320 2
1186 1162 1
25 40 3
1159 1231 4
871 1360 4
1312 1008 3
1015 1210 4
911 1154 1
1377 1304 5
1144 1116 5
299 106 5
73 259 3
973 1069 5
1053 896 4
1067 1307 1
163 268 5
1265 1072 4
1310 1155 4
1113 858 4
955 1373 5
1270 1040 3
287 155 4
1382 1275 5
850 1481 4
1051 921 3
1067 834 5
1373 1376 4
1397 970 4
1011 1415 4
1280 1402 5
160 106 2
854 831 3
1327 1353 4
285 158 4
944 953 5
1414 1039 2
1060 1147 2
1014 1374 3
1315 1207 1
1116 1327 5
945 1431 2
1379 879 1
1203 1074 3
1309 1337 1
1143 1498 4
932 1364 4
1376 1217 1
946 970 4
909 869 1
1209 962 3
1233 959 3
1370 1006 3
1500 1423 2
994 1224 5
1158 1483 1
1271 1431 5
230 116 1
1112 1434 3
1224 1254 5
1035 987 3
1079 1479 2
1143 1124 4
47 198 3
1489 1259 3
860 923 1
1251 1175 3
1231 1168 5
1102 1207 5
1172 833 4
175 126 4
867 1123 4
1287 1345 4
1186 820 5
839 1411 2
1249 1441 2
1280 1144 1
1354 851 3
1311 1381 2
1383 1251 5
115 163 5
1375 865 2
1207 976 3
45 248 1
1486 1489 5
1059 1020 4
829 1345 1
1318 1207 2
1015 1495 3
1316 1091 1
1437 1255 1
1350 1466 1
1328 957 3
1467 1445 5
1465 1305 2
1306 1438 3
1163 1437 3
1111 1167 5
915 946 2
248 204 4
1218 854 3
1152 1040 5
880 884 1
1013 865 4
275 167 1
1252 1386 3
1430 1115 3
1209 1326 4
1298 887 2
971 1039 2
953 1395 5
1412 1382 5
1462 1068 2
915 1231 4
1185 1487 5
803 951 2
223 208 3
978 1308 5
1013 1433 5
1272 1289 1
104 276 2
1136 934 2
946 1473 4
206 232 1
1042 1206 4
20 275 3
997 892 2
1122 1487 1
809 877 4
883 1263 3
1223 854 5
954 948 1
1204 1371 4
901 1101 3
1110 1321 4
1111 824 2
1025 1125 2
1356 1139 1
1047 1018 3
1291 1175 5
1198 1144 5
808 961 3
1089 1446 4
1492 835 3
1196 860 4
997 1091 4
1122 1139 3
854 822 5
1500 1203 2
1308 932 3
1054 960 2
146 272 1
815 1338 5
1051 1073 4
1495 1283 5
1185 1133 4
1134 970 5
1401 1276 1
198 53 3
1197 1195 1
920 1388 2
1182 1301 1
995 901 2
1028 1417 1
838 826 2
1438 1322 5
1483 1032 3
1051 1196 3
1466 1105 1
1460 1116 4
998 1461 3
1370 1457 2
140 161 3
1324 1133 4
1446 1246 4
1033 1443 4
806 953 2
1199 1436 1
981 1231 3
1409 1044 3
1136 1361 5
1094 1151 5
1304 1499 1
897 1250 5
839 1061 3
968 811 2
856 1444 4
978 1195 5
1449 1150 2
1296 1229 5
871 1138 5
1108 1315 2
109 233 3
1396 1468 1
240 51 1
1089 825 3
812 887 5
1445 958 4
203 192 3
1022 813 5
243 271 3
1296 892 5
211 278 1
1139 835 4
997 1477 1
1187 874 2
70 200 1
1238 1341 4
1379 860 1
1018 1287 1
864 1188 5
870 1055 2
1352 1201 2
46 81 2
837 1012 5
1171 1046 2
1208 1104 4
1256 929 1
1184 1239 1
869 989 5
39 155 4
1225 992 3
1125 1171 2
98 101 2
957 1244 4
926 961 5
1356 1359 2
1388 1169 2
1402 1246 3
1345 976 2
1033 1114 2
1094 1171 5
1293 1414 4
1004 989 5
285 118 5
1070 944 1
923 806 5
1010 1403 1
1484 1154 2
824 915 4
1483 1414 1
862 1060 5
1435 1411 3
913 922 4
942 1319 4
1272 825 3
1250 1204 2
1138 1293 5
1159 1234 2
1500 1185 4
990 1258 4
935 1453 2
849 834 2
1290 1315 3
1168 870 5
995 1012 4
1121 1396 3
117 201 1
935 1236 1
985 1386 4
1386 1420 4
985 1400 4
1469 934 4
1010 1029 2
282 128 3
1455 1494 5
1405 1014 5
297 186 2
1112 1157 5
1101 1336 2
1472 934 1
1163 1313 4
931 1427 5
1491 931 2
1327 1191 3
174 275 2
936 1160 1
874 1182 3
1397 1289 3
996 1222 4
1149 898 5
223 8 2
1024 1035 2
124 233 5
1039 1418 2
1481 1246 1
1306 1120 2
223 47 5
1293 1173 5
876 965 3
189 256 3
803 981 1
1181 1087 3
1199 1235 3
1038 1341 5
920 1451 4
1268 1118 4
1469 1350 1
1393 1250 2
1347 897 2
816 1035 1
1490 1084 1
889 999 4
1241 1317 5
46 1 2
77 229 1
934 1250 1
236 198 4
1163 1471 5
1140 1432 2
968 1317 2
1321 1025 2
284 75 4
1397 1021 5
912 1335 1
1377 1208 3
41 203 5
1217 803 3
226 143 2
1078 1500 5
172 294 2
924 1034 2
1056 936 5
47 167 5
933 1174 4
1123 1204 1
843 1097 5
801 924 1
1446 1081 2
966 1124 2
879 1101 2
1197 885 1
1054 1380 3
1162 1267 1
10 285 2
1286 877 5
845 968 3
1109 1158 5
1347 1451 2
1142 1157 3
843 1039 2
1331 1255 4
955 919 4
948 947 3
105 146 5
904 1365 2
1110 1278 5
1424 1255 2
907 965 5
107 9 3
1471 1021 5
973 907 3
1334 1306 5
978 1155 3
1055 1355 3
1230 1412 1
911 1167 3
1326 1075 2
993 1340 3
1149 1388 4
189 71 3
954 829 3
97 107 1
862 1339 3
948 1085 2
924 1269 3
1145 1053 2
1113 1125 4
1145 1060 5
837 891 2
1047 853 3
929 1230 3
221 285 2
1311 1499 1
189 7 4
939 1039 1
975 1151 5
1248 876 2
1321 1487 3
828 807 1
1334 1130 3
30 290 3
1147 989 3
1353 873 5
273 284 1
940 871 3
1145 1342 5
254 52 5
831 1497 4
1150 1415 2
944 913 1
982 1272 2
1273 850 1
1406 1445 3
284 289 3
1191 939 5
960 1424 5
982 1456 3
1056 1292 2
289 141 1
959 979 4
1469 921 5
278 111 4
1344 818 2
1034 1017 5
1097 1348 1
1090 1077 1
1330 839 5
877 1072 1
1475 1472 1
1051 890 4
955 835 5
1169 1361 3
15 189 4
1106 1369 1
903 1092 5
1030 987 2
1050 965 5
1226 1308 3
956 945 1
990 1204 5
1114 936 3
1450 1472 1
942 963 5
974 899 2
1419 894 3
1485 951 2
1063 1103 5
79 119 2
179 89 1
1039 1197 2
912 1309 2
1304 1078 5
880 810 2
903 1223 3
1333 921 5
1381 889 4
136 50 2
1152 1207 5
932 855 2
1221 1446 2
1223 1108 4
890 840 5
1469 1299 1
938 1401 2
190 265 1
1212 978 2
1203 982 4
1012 951 5
1126 1148 3
1477 1123 5
926 951 3
1159 988 3
1074 887 3
1143 1301 4
1043 1240 4
1371 1332 5
1109 1356 3
822 931 4
1180 1388 4
963 1235 3
982 1210 2
1306 1169 2
1057 1081 5
1302 1417 2
919 1123 1
273 67 4
927 1452 5
879 1241 1
1030 830 1
215 173 4
1211 872 4
1154 1049 1
1035 1140 5
1398 832 4
1275 1202 3
932 1430 2
893 1474 5
922 828 1
1058 1271 4
55 183 5
1266 1449 5
1124 960 1
1462 1091 5
1305 930 4
141 104 2
825 908 2
1392 1481 3
1378 962 1
1323 1253 4
1182 1202 2
96 206 5
1285 917 5
1300 993 3
856 909 3
1074 1137 3
1487 1373 4
899 1256 5
1277 1036 1
834 1224 5
1271 1470 3
1084 1057 2
1098 1079 3
898 1433 3
1498 912 4
999 1331 4
1431 941 4
943 1389 5
875 1055 4
818 1333 4
952 1087 2
47 175 4
813 889 2
1181 1302 1
962 866 1
1234 1071 2
1465 1208 2
1012 1011 2
168 120 3
1222 1207 2
1084 1091 3
834 1151 4
257 228 4
246 145 2
957 1070 3
954 1038 3
958 1468 2
878 1055 4
1313 1057 5
1292 1222 5
1467 1005 1
1176 1369 4
258 49 5
1455 883 4
1014 1168 5
872 1284 1
1001 898 3
