100 99
80 38 89 13
1 2 321
2 3 12
2 4 787
3 5 390
3 6 679
3 7 568
6 8 133
1 9 457
2 10 656
10 11 139
6 12 690
8 13 435
11 14 101
14 15 55
1 16 532
2 17 670
6 18 797
6 19 115
1 20 558
13 21 412
18 22 328
9 23 936
7 24 778
7 25 498
3 26 334
4 27 756
8 28 412
19 29 668
18 30 13
7 31 304
14 32 982
2 33 258
23 34 337
18 35 13
7 36 65
19 37 285
36 38 607
26 39 995
27 40 488
14 41 352
15 42 573
4 43 12
28 44 305
12 45 163
30 46 43
7 47 217
31 48 601
41 49 737
40 50 570
30 51 426
18 52 541
31 53 462
31 54 282
21 55 221
28 56 763
5 57 474
20 58 79
40 59 104
49 60 986
16 61 757
31 62 809
39 63 306
48 64 197
32 65 513
48 66 574
66 67 451
46 68 944
12 69 701
41 70 239
11 71 574
53 72 932
48 73 222
39 74 773
43 75 538
45 76 712
68 77 789
49 78 954
60 79 883
69 80 430
48 81 505
33 82 428
78 83 103
16 84 907
15 85 543
61 86 221
30 87 302
33 88 350
76 89 950
89 90 492
5 91 718
73 92 688
30 93 530
78 94 632
49 95 134
79 96 407
96 97 289
92 98 751
26 99 616
72 100 161
