1500 2200
1 1500 2 1499
300 301 5
301 302 4
302 303 2
303 304 1
304 305 3
305 306 5
306 307 2
307 308 4
308 309 2
309 310 2
310 311 5
311 312 5
312 313 4
313 314 5
314 315 4
315 316 4
316 317 2
317 318 4
318 319 5
319 320 1
320 321 2
321 322 1
322 323 3
323 324 4
324 325 3
325 326 3
326 327 5
327 328 2
328 329 5
329 330 3
330 331 4
331 332 4
332 333 2
333 334 5
334 335 1
335 336 1
336 337 3
337 338 3
338 339 5
339 340 1
340 341 3
341 342 4
342 343 3
343 344 3
344 345 2
345 346 2
346 347 5
347 348 1
348 349 3
349 350 4
350 351 4
351 352 3
352 353 5
353 354 5
354 355 5
355 356 1
356 357 1
357 358 2
358 359 1
359 360 5
360 361 5
361 362 2
362 363 2
363 364 5
364 365 4
365 366 1
366 367 4
367 368 1
368 369 1
369 370 5
370 371 4
371 372 2
372 373 2
373 374 1
374 375 4
375 376 5
376 377 1
377 378 4
378 379 2
379 380 4
380 381 1
381 382 5
382 383 1
383 384 1
384 385 1
385 386 2
386 387 2
387 388 3
388 389 4
389 390 1
390 391 1
391 392 3
392 393 5
393 394 3
394 395 3
395 396 3
396 397 1
397 398 2
398 399 1
399 400 4
400 401 1
401 402 2
402 403 4
403 404 4
404 405 2
405 406 4
406 407 2
407 408 1
408 409 4
409 410 1
410 411 4
411 412 3
412 413 3
413 414 5
414 415 2
415 416 2
416 417 5
417 418 1
418 419 1
419 420 1
420 421 5
421 422 4
422 423 4
423 424 3
424 425 1
425 426 3
426 427 2
427 428 4
428 429 4
429 430 1
430 431 2
431 432 4
432 433 5
433 434 5
434 435 5
435 436 3
436 437 3
437 438 1
438 439 4
439 440 4
440 441 2
441 442 1
442 443 1
443 444 4
444 445 5
445 446 5
446 447 3
447 448 2
448 449 1
449 450 4
450 451 2
451 452 4
452 453 5
453 454 4
454 455 3
455 456 5
456 457 1
457 458 1
458 459 4
459 460 4
460 461 1
461 462 5
462 463 4
463 464 5
464 465 1
465 466 4
466 467 1
467 468 1
468 469 5
469 470 5
470 471 5
471 472 3
472 473 2
473 474 1
474 475 2
475 476 4
476 477 5
477 478 4
478 479 5
479 480 5
480 481 2
481 482 2
482 483 2
483 484 1
484 485 4
485 486 1
486 487 3
487 488 1
488 489 4
489 490 5
490 491 1
491 492 4
492 493 1
493 494 4
494 495 2
495 496 2
496 497 1
497 498 4
498 499 3
499 500 2
500 501 4
501 502 4
502 503 5
503 504 3
504 505 4
505 506 5
506 507 1
507 508 5
508 509 4
509 510 3
510 511 4
511 512 5
512 513 5
513 514 3
514 515 1
515 516 5
516 517 4
517 518 3
518 519 5
519 520 2
520 521 4
521 522 4
522 523 3
523 524 1
524 525 3
525 526 2
526 527 5
527 528 1
528 529 1
529 530 2
530 531 1
531 532 1
532 533 5
533 534 1
534 535 2
535 536 2
536 537 2
537 538 1
538 539 4
539 540 1
540 541 5
541 542 1
542 543 1
543 544 4
544 545 4
545 546 3
546 547 5
547 548 4
548 549 4
549 550 1
550 551 1
551 552 3
552 553 3
553 554 2
554 555 4
555 556 3
556 557 5
557 558 1
558 559 5
559 560 5
560 561 4
561 562 4
562 563 1
563 564 2
564 565 5
565 566 2
566 567 3
567 568 5
568 569 3
569 570 2
570 571 2
571 572 5
572 573 4
573 574 2
574 575 4
575 576 3
576 577 4
577 578 5
578 579 1
579 580 2
580 581 3
581 582 4
582 583 1
583 584 3
584 585 2
585 586 1
586 587 3
587 588 2
588 589 5
589 590 5
590 591 4
591 592 4
592 593 3
593 594 2
594 595 3
595 596 3
596 597 2
597 598 4
598 599 4
599 600 3
600 601 3
601 602 2
602 603 5
603 604 3
604 605 1
605 606 3
606 607 4
607 608 3
608 609 2
609 610 5
610 611 5
611 612 4
612 613 5
613 614 1
614 615 4
615 616 3
616 617 1
617 618 3
618 619 1
619 620 5
620 621 5
621 622 2
622 623 3
623 624 1
624 625 1
625 626 5
626 627 4
627 628 3
628 629 2
629 630 5
630 631 3
631 632 1
632 633 1
633 634 5
634 635 3
635 636 5
636 637 5
637 638 5
638 639 1
639 640 5
640 641 2
641 642 5
642 643 4
643 644 3
644 645 5
645 646 4
646 647 2
647 648 2
648 649 5
649 650 4
650 651 3
651 652 2
652 653 2
653 654 5
654 655 1
655 656 4
656 657 5
657 658 2
658 659 2
659 660 5
660 661 3
661 662 1
662 663 1
663 664 5
664 665 4
665 666 1
666 667 4
667 668 2
668 669 3
669 670 4
670 671 3
671 672 5
672 673 5
673 674 2
674 675 3
675 676 5
676 677 1
677 678 3
678 679 5
679 680 4
680 681 1
681 682 2
682 683 3
683 684 5
684 685 3
685 686 1
686 687 2
687 688 1
688 689 2
689 690 2
690 691 1
691 692 2
692 693 5
693 694 4
694 695 2
695 696 1
696 697 5
697 698 5
698 699 5
699 700 1
700 701 3
701 702 1
702 703 5
703 704 2
704 705 5
705 706 3
706 707 3
707 708 2
708 709 4
709 710 1
710 711 1
711 712 3
712 713 1
713 714 5
714 715 4
715 716 5
716 717 3
717 718 5
718 719 4
719 720 3
720 721 2
721 722 5
722 723 5
723 724 4
724 725 1
725 726 4
726 727 4
727 728 2
728 729 1
729 730 1
730 731 2
731 732 3
732 733 5
733 734 3
734 735 3
735 736 5
736 737 5
737 738 2
738 739 1
739 740 1
740 741 4
741 742 5
742 743 5
743 744 5
744 745 1
745 746 3
746 747 2
747 748 1
748 749 2
749 750 4
750 751 3
751 752 1
752 753 2
753 754 2
754 755 4
755 756 1
756 757 4
757 758 1
758 759 4
759 760 3
760 761 4
761 762 5
762 763 3
763 764 3
764 765 2
765 766 2
766 767 5
767 768 3
768 769 3
769 770 3
770 771 5
771 772 2
772 773 5
773 774 4
774 775 5
775 776 5
776 777 4
777 778 3
778 779 4
779 780 1
780 781 2
781 782 2
782 783 4
783 784 4
784 785 3
785 786 2
786 787 4
787 788 2
788 789 5
789 790 2
790 791 4
791 792 3
792 793 1
793 794 5
794 795 1
795 796 2
796 797 1
797 798 1
798 799 2
799 800 1
800 801 3
299 300 5
298 299 2
297 299 4
296 299 4
295 299 5
294 296 4
293 295 3
292 300 5
291 292 1
290 294 4
289 300 5
288 290 2
287 289 3
286 300 1
285 300 4
284 288 5
283 297 1
282 283 2
281 291 1
280 296 5
279 300 5
278 290 2
277 287 2
276 278 3
275 280 1
274 293 2
273 282 2
272 281 4
271 283 1
270 299 3
269 283 1
268 273 1
267 298 3
266 282 1
265 276 1
264 268 3
263 293 2
262 272 5
261 284 1
260 297 2
259 270 1
258 291 3
257 300 3
256 268 3
255 298 2
254 258 3
253 298 3
252 296 5
251 252 5
250 270 2
249 256 2
248 281 5
247 258 5
246 286 3
245 260 4
244 292 2
243 253 2
242 285 3
241 277 3
240 260 4
239 297 3
238 261 4
237 253 3
236 252 2
235 275 2
234 297 3
233 272 3
232 298 4
231 282 4
230 298 4
229 289 5
228 241 5
227 265 2
226 251 1
225 254 2
224 282 2
223 291 3
222 272 4
221 232 5
220 274 2
219 287 3
218 238 3
217 227 1
216 279 1
215 259 5
214 236 1
213 246 3
212 292 5
211 219 4
210 231 5
209 245 3
208 256 5
207 297 3
206 237 2
205 296 3
204 299 5
203 296 2
202 261 5
201 269 5
200 208 2
199 292 3
198 266 3
197 221 4
196 258 2
195 230 3
194 284 2
193 300 3
192 291 3
191 289 3
190 259 2
189 228 4
188 234 2
187 276 5
186 283 3
185 198 1
184 214 4
183 219 1
182 232 2
181 184 5
180 250 4
179 192 3
178 267 2
177 292 3
176 203 3
175 226 3
174 289 1
173 224 4
172 179 2
171 199 1
170 218 2
169 216 3
168 247 5
167 295 2
166 241 5
165 283 2
164 218 3
163 179 1
162 200 5
161 165 4
160 260 4
159 248 3
158 195 1
157 192 1
156 198 3
155 267 4
154 221 5
153 193 4
152 161 1
151 260 3
150 192 1
149 236 4
148 173 4
147 202 2
146 176 2
145 149 1
144 249 3
143 208 3
142 211 4
141 297 4
140 274 3
139 146 1
138 208 4
137 296 3
136 216 4
135 279 3
134 240 3
133 204 5
132 230 2
131 236 5
130 172 1
129 140 3
128 248 2
127 143 2
126 234 5
125 167 1
124 203 3
123 191 1
122 287 1
121 213 1
120 208 5
119 210 1
118 169 2
117 186 1
116 286 3
115 205 4
114 162 5
113 199 5
112 279 1
111 268 5
110 163 1
109 241 1
108 130 4
107 112 1
106 237 5
105 148 1
104 232 5
103 223 1
102 182 3
101 208 5
100 163 3
99 195 5
98 191 3
97 162 2
96 124 3
95 202 5
94 260 2
93 297 5
92 220 4
91 93 3
90 143 4
89 239 1
88 171 4
87 105 5
86 206 1
85 255 3
84 97 3
83 217 4
82 118 5
81 163 5
80 256 4
79 108 5
78 252 2
77 280 3
76 250 5
75 299 1
74 282 1
73 251 1
72 294 1
71 227 3
70 283 2
69 227 3
68 157 5
67 150 1
66 175 4
65 282 5
64 167 5
63 85 3
62 243 5
61 200 1
60 153 3
59 265 3
58 261 1
57 219 1
56 245 2
55 284 4
54 171 3
53 120 5
52 105 2
51 287 2
50 283 2
49 289 1
48 249 2
47 52 3
46 131 4
45 61 4
44 232 4
43 182 1
42 264 5
41 53 4
40 102 1
39 133 1
38 286 2
37 246 4
36 67 3
35 132 4
34 160 2
33 70 1
32 120 4
31 200 4
30 222 4
29 86 4
28 148 5
27 107 3
26 82 5
25 34 2
24 151 4
23 170 5
22 69 4
21 261 2
20 163 3
19 40 3
18 126 5
17 100 1
16 32 3
15 209 2
14 203 5
13 292 2
12 89 1
11 123 2
10 172 2
9 67 1
8 126 5
7 132 2
6 156 4
5 104 3
4 190 1
3 28 3
2 23 1
1 294 2
802 801 5
803 802 2
804 803 2
805 804 5
806 804 3
807 806 5
808 804 4
809 806 4
810 807 5
811 807 4
812 803 1
813 808 2
814 806 1
815 812 1
816 806 5
817 813 1
818 803 5
819 801 5
820 811 2
821 804 3
822 811 3
823 813 5
824 812 5
825 801 3
826 817 1
827 804 4
828 815 5
829 816 5
830 818 5
831 810 4
832 809 5
833 815 5
834 826 1
835 824 1
836 807 2
837 832 1
838 804 4
839 827 4
840 825 2
841 837 1
842 807 4
843 801 3
844 829 3
845 830 4
846 838 2
847 843 1
848 811 2
849 820 2
850 810 1
851 829 4
852 823 1
853 842 1
854 809 2
855 843 3
856 849 2
857 852 2
858 830 4
859 803 2
860 854 2
861 860 4
862 821 1
863 822 5
864 863 5
865 820 1
866 825 2
867 851 2
868 827 2
869 835 3
870 864 5
871 836 4
872 846 1
873 812 2
874 864 4
875 842 4
876 855 2
877 854 4
878 866 4
879 876 1
880 821 2
881 810 1
882 808 3
883 849 5
884 873 4
885 828 3
886 808 1
887 831 5
888 866 2
889 882 4
890 802 2
891 866 2
892 882 3
893 887 3
894 863 5
895 813 1
896 842 4
897 879 1
898 876 1
899 855 3
900 831 1
901 863 3
902 810 4
903 805 4
904 810 2
905 872 2
906 879 1
907 806 2
908 881 2
909 882 3
910 885 4
911 858 5
912 880 1
913 911 1
914 884 2
915 897 4
916 881 1
917 832 4
918 827 4
919 903 4
920 907 4
921 903 1
922 866 2
923 920 1
924 901 5
925 880 4
926 856 5
927 901 3
928 867 4
929 810 4
930 878 1
931 898 1
932 846 5
933 880 1
934 908 4
935 887 3
936 855 1
937 884 3
938 900 2
939 802 2
940 895 3
941 834 3
942 849 3
943 875 2
944 903 2
945 944 1
946 803 1
947 854 1
948 819 4
949 907 2
950 945 1
951 888 1
952 856 4
953 839 4
954 950 2
955 801 5
956 954 4
957 818 3
958 855 2
959 815 1
960 869 4
961 908 1
962 946 5
963 875 4
964 881 4
965 885 1
966 870 5
967 893 2
968 904 5
969 957 5
970 893 4
971 852 3
972 830 1
973 922 2
974 869 1
975 946 3
976 912 3
977 848 2
978 872 1
979 858 4
980 923 1
981 857 5
982 822 3
983 961 3
984 815 4
985 871 4
986 805 5
987 871 5
988 929 4
989 816 2
990 948 3
991 871 5
992 845 2
993 833 3
994 957 2
995 935 3
996 867 2
997 815 3
998 982 5
999 930 3
1000 835 3
1001 961 1
1002 997 5
1003 913 2
1004 807 2
1005 811 3
1006 906 4
1007 811 4
1008 937 2
1009 990 5
1010 983 1
1011 911 2
1012 1010 5
1013 900 3
1014 922 2
1015 935 1
1016 1006 2
1017 1013 2
1018 852 5
1019 1001 3
1020 946 4
1021 828 4
1022 958 5
1023 902 4
1024 846 1
1025 868 4
1026 908 4
1027 828 4
1028 888 3
1029 935 5
1030 980 4
1031 866 4
1032 959 4
1033 964 2
1034 970 2
1035 945 4
1036 988 5
1037 814 1
1038 820 2
1039 990 2
1040 946 5
1041 863 1
1042 1034 3
1043 859 5
1044 835 5
1045 828 3
1046 1015 5
1047 914 1
1048 852 2
1049 1035 4
1050 1020 4
1051 954 1
1052 877 2
1053 835 4
1054 1044 2
1055 976 1
1056 815 3
1057 967 2
1058 961 1
1059 1022 2
1060 1028 3
1061 879 4
1062 902 2
1063 1019 2
1064 881 4
1065 968 5
1066 1026 3
1067 1005 2
1068 844 1
1069 862 3
1070 956 4
1071 920 4
1072 859 4
1073 920 5
1074 1058 1
1075 887 1
1076 1036 4
1077 1015 5
1078 816 5
1079 922 3
1080 1070 1
1081 885 5
1082 1061 3
1083 984 3
1084 1046 3
1085 988 2
1086 928 2
1087 997 2
1088 1035 1
1089 994 2
1090 1016 2
1091 1036 3
1092 837 4
1093 818 2
1094 924 2
1095 943 3
1096 960 4
1097 978 1
1098 948 5
1099 1069 3
1100 1043 1
1101 921 2
1102 1101 5
1103 831 2
1104 1098 1
1105 1035 3
1106 998 1
1107 1053 4
1108 1062 2
1109 1103 2
1110 1077 2
1111 1066 1
1112 901 5
1113 994 5
1114 1101 1
1115 854 2
1116 991 2
1117 1088 1
1118 918 2
1119 984 1
1120 860 4
1121 817 2
1122 1074 4
1123 980 2
1124 1040 4
1125 806 3
1126 1011 4
1127 833 1
1128 816 1
1129 911 4
1130 810 4
1131 1116 5
1132 835 5
1133 926 2
1134 886 3
1135 1049 3
1136 940 4
1137 1037 4
1138 809 3
1139 902 4
1140 846 1
1141 900 3
1142 814 5
1143 957 5
1144 985 3
1145 1021 2
1146 1070 1
1147 827 1
1148 1126 1
1149 972 2
1150 833 4
1151 1005 5
1152 1064 3
1153 985 4
1154 902 1
1155 905 5
1156 981 5
1157 914 1
1158 866 5
1159 1003 3
1160 1001 4
1161 1119 1
1162 831 5
1163 825 3
1164 828 4
1165 803 1
1166 1002 2
1167 1085 1
1168 1067 4
1169 1104 4
1170 919 1
1171 1121 4
1172 964 2
1173 999 5
1174 1173 2
1175 1049 4
1176 863 3
1177 1000 3
1178 1107 3
1179 994 2
1180 882 3
1181 912 1
1182 1124 3
1183 1129 5
1184 1122 5
1185 1039 4
1186 938 2
1187 843 1
1188 908 3
1189 1110 1
1190 954 1
1191 952 4
1192 1092 2
1193 863 5
1194 1113 5
1195 904 5
1196 1049 4
1197 1127 5
1198 943 5
1199 1050 4
1200 922 4
1201 1179 3
1202 859 4
1203 1124 4
1204 909 2
1205 1120 4
1206 1123 5
1207 833 4
1208 1141 1
1209 972 4
1210 1002 5
1211 854 1
1212 998 5
1213 907 4
1214 921 1
1215 1042 4
1216 959 1
1217 912 3
1218 937 4
1219 988 1
1220 1031 1
1221 1053 3
1222 1081 3
1223 1020 4
1224 997 5
1225 958 2
1226 879 1
1227 1224 2
1228 879 2
1229 1212 5
1230 830 2
1231 842 2
1232 1141 4
1233 1001 1
1234 963 1
1235 938 5
1236 1050 4
1237 1199 4
1238 823 1
1239 1093 4
1240 1115 4
1241 879 4
1242 1008 5
1243 1124 2
1244 1060 1
1245 1012 3
1246 828 1
1247 1189 4
1248 814 5
1249 900 1
1250 1211 4
1251 924 4
1252 1185 3
1253 911 1
1254 1062 3
1255 1104 4
1256 1062 4
1257 958 3
1258 1118 2
1259 1147 3
1260 1121 2
1261 960 2
1262 1125 2
1263 1125 1
1264 966 3
1265 1024 1
1266 1253 3
1267 803 5
1268 1184 1
1269 1127 4
1270 913 2
1271 1072 5
1272 833 5
1273 1010 4
1274 946 3
1275 806 3
1276 1113 5
1277 1090 4
1278 1180 1
1279 1272 4
1280 879 5
1281 979 5
1282 1204 5
1283 905 4
1284 998 2
1285 1174 4
1286 1085 1
1287 1051 5
1288 1020 1
1289 858 3
1290 1144 3
1291 919 4
1292 1265 5
1293 1165 3
1294 1117 5
1295 982 2
1296 1216 5
1297 1116 3
1298 894 2
1299 890 2
1300 844 4
1301 1044 3
1302 1290 4
1303 1045 5
1304 1251 1
1305 936 2
1306 1183 1
1307 1127 1
1308 1041 1
1309 836 4
1310 1128 5
1311 836 4
1312 1023 4
1313 1201 4
1314 1202 4
1315 920 3
1316 1269 2
1317 889 4
1318 958 4
1319 928 4
1320 1129 4
1321 1018 2
1322 942 2
1323 1208 1
1324 1296 1
1325 922 4
1326 1142 4
1327 1161 2
1328 1182 1
1329 951 1
1330 1020 5
1331 1156 2
1332 1273 4
1333 1115 1
1334 1101 4
1335 891 2
1336 1279 5
1337 1231 5
1338 1183 4
1339 1021 5
1340 857 5
1341 850 5
1342 1291 4
1343 1326 2
1344 1009 2
1345 1254 3
1346 1060 3
1347 893 4
1348 1126 3
1349 924 2
1350 1219 4
1351 1085 5
1352 1345 5
1353 1034 1
1354 843 3
1355 1134 4
1356 1076 5
1357 1347 5
1358 833 4
1359 808 2
1360 1060 3
1361 1140 4
1362 1163 5
1363 1081 3
1364 990 4
1365 972 5
1366 1115 1
1367 1231 2
1368 1257 4
1369 1262 3
1370 979 2
1371 904 4
1372 1370 4
1373 809 3
1374 947 3
1375 850 4
1376 848 3
1377 906 1
1378 858 2
1379 831 1
1380 1374 5
1381 1284 2
1382 997 5
1383 1354 5
1384 956 1
1385 1154 4
1386 1240 1
1387 894 2
1388 991 1
1389 1160 5
1390 1101 4
1391 925 5
1392 1032 1
1393 1317 1
1394 892 2
1395 896 5
1396 1055 4
1397 861 2
1398 1138 2
1399 1280 2
1400 1095 5
1401 909 1
1402 1094 3
1403 938 2
1404 866 2
1405 939 3
1406 910 3
1407 836 5
1408 1073 4
1409 1045 5
1410 948 5
1411 856 3
1412 821 5
1413 830 5
1414 841 1
1415 884 5
1416 915 4
1417 1090 1
1418 872 1
1419 1327 3
1420 923 3
1421 1337 1
1422 1159 2
1423 1407 4
1424 813 3
1425 1134 4
1426 1355 4
1427 1299 2
1428 933 1
1429 1208 4
1430 1342 5
1431 1358 4
1432 1377 3
1433 1077 3
1434 933 4
1435 1309 2
1436 1220 2
1437 1428 2
1438 1205 1
1439 1105 1
1440 1157 5
1441 878 4
1442 1099 5
1443 1358 2
1444 1421 2
1445 1332 2
1446 947 1
1447 1244 1
1448 1013 1
1449 1327 3
1450 1414 5
1451 970 2
1452 1394 2
1453 1299 1
1454 1125 4
1455 1441 3
1456 1353 3
1457 846 3
1458 1199 2
1459 968 3
1460 1301 5
1461 1152 1
1462 847 1
1463 1016 3
1464 1285 5
1465 927 4
1466 969 4
1467 1440 4
1468 1128 2
1469 969 1
1470 994 3
1471 1166 4
1472 1136 2
1473 1422 5
1474 1393 1
1475 1240 5
1476 1392 5
1477 1272 4
1478 945 2
1479 1055 3
1480 1469 4
1481 1400 2
1482 1104 4
1483 1032 4
1484 1199 1
1485 1329 3
1486 1187 1
1487 1141 4
1488 991 3
1489 897 3
1490 1247 4
1491 1280 4
1492 1489 1
1493 1146 2
1494 1449 3
1495 1032 1
1496 1306 4
1497 1097 5
1498 1107 5
1499 1361 3
1500 1355 2
1095 1231 1
914 1127 1
836 1008 1
872 1404 5
1016 1158 3
1078 1257 1
1171 1367 1
1095 887 1
1112 1350 5
1420 1301 3
1247 1342 5
55 115 2
960 1023 1
1463 1405 2
58 282 2
1387 1153 1
938 1415 3
180 293 2
81 212 5
984 817 3
105 193 2
1322 1131 5
855 1247 5
1432 1267 4
27 118 3
900 1163 1
297 215 5
828 847 1
1165 1481 3
1431 1274 5
839 806 2
1394 1292 2
1184 958 2
1383 1125 2
1364 897 2
1200 846 4
33 213 1
1454 804 3
886 1272 3
1454 1159 4
74 181 5
1422 1150 1
1122 1497 2
1014 1219 3
1210 1085 2
1185 982 1
1100 1084 2
1490 1119 2
1093 1127 2
1068 829 4
1162 1239 4
894 1206 1
215 23 1
877 1171 3
194 249 1
903 1049 1
1448 1385 3
1017 1104 1
1300 813 1
1443 1472 1
47 15 2
822 1219 2
1094 998 4
1155 1469 5
1093 991 3
869 1158 4
1033 1127 2
8 51 1
1143 1047 3
1321 890 4
1493 1188 3
1086 1322 1
1308 829 2
1171 805 1
1252 1159 1
1315 1369 3
101 102 3
1285 1058 1
151 265 1
292 253 3
1190 1486 4
186 72 4
941 1169 1
1266 1005 1
980 1253 2
1423 908 3
1109 1391 1
1456 1384 1
1185 1434 2
1013 1220 2
1064 1175 3
1488 1028 5
1024 1219 3
1469 963 4
1029 930 4
1238 1373 4
1271 1203 4
1351 1373 3
1457 1486 2
858 1228 5
213 112 5
926 937 2
1168 847 4
1253 1477 2
1269 1174 1
1200 872 5
1468 858 1
838 856 5
867 1094 3
1020 1493 5
1287 1312 4
955 1230 3
1283 1062 3
858 989 5
1189 1273 4
1154 899 5
1055 1431 5
72 107 3
1366 1122 4
1398 1433 3
1420 1434 1
1326 823 1
1333 1149 1
1069 1043 2
36 111 4
296 233 3
895 956 5
1266 874 5
1329 1063 5
1074 932 3
1130 937 1
1295 1089 2
1201 1331 5
1297 1137 4
1407 1439 5
1087 1137 2
1495 1252 5
1234 1079 5
1266 1002 2
845 1406 4
1259 812 4
1033 1065 4
1470 1456 5
1055 912 5
1407 1466 1
1168 1022 1
1378 1251 3
1495 1154 2
914 960 5
839 1422 3
1320 842 4
1198 1241 5
1388 1342 5
837 1303 1
1126 1234 3
1056 1065 5
1402 1122 5
1089 1283 4
1135 916 2
1417 1347 1
1080 832 1
989 1072 3
1087 1072 2
818 882 4
892 1142 2
215 255 2
895 1308 2
1121 937 1
125 41 2
1253 870 5
1449 982 1
980 1021 4
906 1162 5
1230 987 1
184 124 3
805 1419 5
1108 911 1
978 931 4
1014 1424 3
208 265 2
1461 1315 2
971 1054 4
1052 1118 3
1388 1002 2
150 64 3
1289 826 1
1261 852 3
12 240 3
1138 837 3
822 1168 2
1096 1499 4
1095 1348 4
1139 1445 1
1121 1243 3
1110 1103 5
867 977 5
848 887 4
258 292 4
1293 951 5
1498 1006 1
227 208 2
1429 1072 2
1120 924 2
1089 1411 3
1327 1132 1
1390 928 4
1441 1372 5
36 53 2
990 947 1
934 885 3
1028 1479 3
872 889 1
1018 1396 5
1283 1420 4
208 188 4
165 112 5
1286 999 5
871 808 2
1427 1492 1
970 1318 4
922 1456 1
878 891 4
1388 1069 3
1250 1000 2
44 181 1
941 1497 3
1286 927 2
260 199 4
844 1137 2
978 1082 4
1408 1316 5
1122 995 1
924 1077 5
1397 1161 1
1283 1339 3
946 947 3
1385 1412 5
835 1197 5
188 223 1
806 1397 5
1150 1421 5
936 806 4
1026 1409 5
119 285 5
1374 1418 5
1326 878 1
1353 1108 1
1235 1462 2
1111 898 3
1023 1432 5
1323 1165 5
1287 1193 4
164 103 5
1247 1262 1
293 135 5
229 247 3
1458 1069 2
1346 1283 3
33 28 5
1323 1129 4
882 1375 2
1165 1139 3
864 1184 3
1187 1428 4
19 29 3
1274 846 1
1023 1176 5
1399 1269 5
1117 1229 4
1074 871 2
1021 1232 5
286 56 4
1171 1184 2
1116 814 3
1280 1137 5
1165 855 5
225 133 1
1089 1310 1
1234 1151 1
871 1318 2
1289 1094 2
288 273 3
852 1082 4
978 1208 5
870 1055 1
1202 992 1
1467 1287 3
896 1186 3
829 872 5
1268 921 4
1022 1421 5
1397 882 4
1292 825 5
815 1416 4
1141 866 5
1029 1286 3
24 220 4
1048 1108 4
1411 984 2
146 243 3
1233 948 5
1125 1186 3
1272 1169 2
1483 1154 2
990 1434 5
1108 1105 1
239 294 3
902 1061 2
1464 1469 1
1218 1138 3
1045 975 2
1432 1005 1
1071 833 1
1033 1449 3
822 1151 4
1465 917 2
1092 899 1
1203 1143 4
1368 1056 5
1142 1026 3
1157 928 1
233 279 5
1266 1286 1
1075 807 4
808 1256 4
1014 1470 5
1188 1287 4
1105 1218 4
1455 1131 5
981 1291 3
1109 1249 5
1156 879 4
1030 851 2
1402 1005 3
811 1088 1
941 1053 2
1358 1485 2
1053 889 3
296 112 4
17 80 1
1105 1357 1
926 1045 1
1279 1200 4
859 1390 2
177 65 2
930 926 1
959 1424 4
285 157 4
930 1198 3
804 1447 4
1339 1216 2
1089 1158 5
1143 826 1
886 1432 4
1374 890 2
208 162 1
893 1266 5
134 75 4
1314 1394 5
980 948 4
1275 1174 3
1058 1179 2
1311 1177 4
1341 1245 4
1266 1477 4
1250 1192 5
1233 1361 1
1213 1266 5
849 1033 1
1449 1072 1
260 256 5
1011 1295 2
1036 1377 5
1489 1215 1
1191 1037 5
1128 1494 1
1187 985 3
1394 863 1
1116 972 3
1136 876 5
924 1239 4
1253 1332 4
1269 1019 5
161 113 2
1476 835 4
199 257 2
1173 1108 4
1374 1130 3
1144 889 3
1177 1132 3
1258 1403 1
1016 1359 1
1270 1326 5
828 1090 3
1182 1319 5
169 77 3
1187 888 1
87 81 1
1032 1167 2
1403 916 2
1352 1291 2
983 1343 1
1406 1346 1
1025 1407 1
163 109 3
1363 1046 3
64 297 4
1040 863 4
1087 1346 1
1003 924 5
1163 843 3
1122 1350 1
1315 1254 2
1143 1111 2
819 1327 2
295 25 3
1392 1068 5
841 849 2
1328 1466 3
899 1234 5
1071 1170 5
924 874 2
984 1027 3
1014 1488 4
948 1406 5
937 1065 4
1276 942 5
1254 1431 5
993 1312 4
1370 839 3
1022 845 4
1442 803 3
874 826 5
1007 1087 3
1294 805 4
1269 1389 1
1158 1249 4
210 204 1
1148 1430 5
1445 1351 3
1022 907 2
1091 855 2
882 988 4
940 1031 1
975 1082 3
1454 1021 3
11 266 1
1306 929 2
945 1078 3
151 56 1
1133 1175 1
813 1157 4
1045 1288 4
1295 1343 3
810 1037 1
1490 1058 2
187 145 1
81 153 5
1113 1063 5
1199 846 1
833 822 4
120 195 5
41 74 3
930 894 3
1089 1341 1
1009 1004 3
1079 1117 2
1324 875 4
1061 1106 4
1367 1360 3
1377 1436 5
992 1077 1
950 1364 4
1386 941 5
957 928 1
966 1381 3
1362 1228 3
1079 1316 2
55 238 4
958 1340 1
1286 1070 2
158 269 2
998 1142 5
1018 1107 3
963 870 1
1022 1196 2
50 244 2
1478 1037 3
1054 1068 2
1205 1427 2
1070 1028 1
1422 1228 5
1421 1486 4
909 1137 1
1468 1384 2
1269 1232 3
151 117 2
1239 1334 1
236 115 3
981 1173 1
1004 1174 5
869 1407 1
1019 1222 2
1141 1062 1
1156 1010 3
963 998 2
1097 991 1
1465 1251 1
1269 890 1
990 1469 5
1452 1360 4
1128 944 3
1484 1467 2
89 95 1
1477 1476 4
1436 1454 3
870 1057 1
829 952 3
1167 851 1
1100 1377 4
1249 1015 1
275 98 5
233 101 1
888 1122 1
1033 1080 3
1109 1336 1
1124 983 4
1500 819 2
1224 1147 5
826 1044 1
1218 1039 1
1335 1467 1
189 114 1
895 871 4
1339 932 4
924 1418 2
138 9 4
992 1441 3
1301 1279 1
1252 1290 3
1485 1463 2
1005 962 1
1132 927 3
70 180 5
911 1005 5
1203 1125 5
1021 895 2
114 273 4
805 909 1
818 1086 1
193 179 2
1266 1050 5
806 950 3
858 1179 3
1142 1015 3
195 267 5
907 1163 3
1448 1005 5
1094 1279 3
1288 979 2
1393 945 5
893 1194 2
1264 927 4
845 1087 4
1486 1392 2
34 50 1
1466 1427 2
831 884 3
1244 1292 2
859 1496 5
165 87 1
827 812 2
1202 1322 2
52 290 3
1279 1257 2
1194 1441 1
1177 1181 3
951 1237 5
890 998 2
1365 811 5
1273 918 5
1128 1384 5
1267 877 2
1242 1214 2
1113 868 5
856 945 3
269 178 1
809 1309 2
1327 831 1
1039 984 5
909 1255 5
229 206 4
867 1214 5
139 89 2
1400 1286 5
1045 1115 4
1022 1222 2
967 883 4
1108 1170 4
1449 1221 1
1200 1469 5
1080 1490 1
1431 1210 3
1481 958 3
920 1325 5
1309 943 5
131 280 4
967 1325 5
900 1298 2
1290 1031 1
984 1222 4
802 960 1
1244 1433 3
1232 910 5
1302 1120 1
1453 927 2
1346 1234 1
1097 995 3
1465 1061 2
1040 1296 2
948 1072 1
1224 1263 1
1299 1076 5
884 1222 2
1388 1193 2
1318 1028 4
1427 874 2
1463 1499 2
991 1467 2
253 278 5
1125 962 1
1308 850 4
137 25 1
973 801 1
967 1069 3
900 1320 4
1285 886 1
1057 1332 5
1061 986 5
856 892 4
1146 914 1
1291 1483 5
1059 1380 2
865 1175 1
224 94 5
1409 1351 4
220 180 3
164 211 5
1002 1452 5
1363 866 1
1415 1254 2
1160 1407 2
802 1323 3
1269 1057 1
1286 1382 3
1404 1486 2
1125 1094 2
141 263 1
1014 936 4
1186 946 1
1278 840 4
1249 978 3
1326 1215 3
1387 1006 2
1299 1475 2
1093 1237 5
971 1288 3
995 1170 2
1184 837 2
1015 1354 2
892 1282 2
1285 974 5
1299 1288 2
65 171 2
949 986 3
1492 927 5
832 883 4
1262 1089 2
49 139 1
1125 942 2
1290 973 4
1229 1297 2
1450 1231 4
1230 932 2
827 880 2
155 66 5
899 1029 2
1329 1158 3
1054 880 4
1200 1426 2
819 1017 4
1429 1162 1
802 1069 2
1449 1394 1
108 89 2
845 1252 4
1056 1168 4
1039 1322 3
927 1385 1
863 1057 5
950 990 3
