1500 1511
1 1500 2 1499
300 301 4
301 302 2
302 303 1
303 304 3
304 305 2
305 306 4
306 307 3
307 308 3
308 309 3
309 310 3
310 311 2
311 312 5
312 313 3
313 314 1
314 315 5
315 316 4
316 317 5
317 318 1
318 319 3
319 320 2
320 321 5
321 322 5
322 323 4
323 324 5
324 325 5
325 326 1
326 327 2
327 328 2
328 329 5
329 330 5
330 331 1
331 332 3
332 333 3
333 334 2
334 335 4
335 336 2
336 337 3
337 338 1
338 339 3
339 340 2
340 341 3
341 342 3
342 343 1
343 344 1
344 345 2
345 346 3
346 347 3
347 348 3
348 349 5
349 350 2
350 351 1
351 352 4
352 353 2
353 354 1
354 355 5
355 356 2
356 357 1
357 358 2
358 359 4
359 360 3
360 361 3
361 362 4
362 363 4
363 364 5
364 365 4
365 366 2
366 367 2
367 368 3
368 369 2
369 370 2
370 371 3
371 372 5
372 373 2
373 374 2
374 375 3
375 376 3
376 377 5
377 378 2
378 379 5
379 380 1
380 381 1
381 382 1
382 383 1
383 384 1
384 385 2
385 386 1
386 387 2
387 388 2
388 389 4
389 390 2
390 391 3
391 392 2
392 393 1
393 394 4
394 395 5
395 396 5
396 397 5
397 398 1
398 399 1
399 400 1
400 401 3
401 402 3
402 403 1
403 404 2
404 405 3
405 406 4
406 407 2
407 408 1
408 409 4
409 410 2
410 411 5
411 412 3
412 413 4
413 414 5
414 415 4
415 416 1
416 417 3
417 418 3
418 419 2
419 420 2
420 421 4
421 422 5
422 423 5
423 424 3
424 425 4
425 426 5
426 427 3
427 428 1
428 429 5
429 430 3
430 431 4
431 432 3
432 433 4
433 434 5
434 435 5
435 436 4
436 437 1
437 438 2
438 439 1
439 440 3
440 441 3
441 442 2
442 443 3
443 444 3
444 445 1
445 446 4
446 447 1
447 448 3
448 449 3
449 450 5
450 451 1
451 452 3
452 453 4
453 454 2
454 455 2
455 456 4
456 457 4
457 458 1
458 459 3
459 460 1
460 461 1
461 462 5
462 463 5
463 464 4
464 465 1
465 466 5
466 467 4
467 468 1
468 469 4
469 470 2
470 471 2
471 472 4
472 473 5
473 474 5
474 475 3
475 476 1
476 477 3
477 478 4
478 479 5
479 480 2
480 481 3
481 482 4
482 483 5
483 484 2
484 485 5
485 486 1
486 487 1
487 488 4
488 489 5
489 490 4
490 491 4
491 492 2
492 493 1
493 494 3
494 495 3
495 496 2
496 497 5
497 498 4
498 499 1
499 500 3
500 501 2
501 502 4
502 503 1
503 504 1
504 505 3
505 506 3
506 507 5
507 508 2
508 509 3
509 510 3
510 511 2
511 512 3
512 513 4
513 514 2
514 515 4
515 516 1
516 517 2
517 518 3
518 519 3
519 520 1
520 521 4
521 522 2
522 523 2
523 524 2
524 525 2
525 526 4
526 527 3
527 528 2
528 529 5
529 530 5
530 531 5
531 532 4
532 533 2
533 534 4
534 535 4
535 536 3
536 537 1
537 538 1
538 539 4
539 540 3
540 541 2
541 542 2
542 543 4
543 544 5
544 545 4
545 546 2
546 547 3
547 548 4
548 549 1
549 550 4
550 551 2
551 552 1
552 553 3
553 554 4
554 555 5
555 556 1
556 557 1
557 558 3
558 559 4
559 560 4
560 561 1
561 562 1
562 563 1
563 564 4
564 565 5
565 566 1
566 567 2
567 568 2
568 569 1
569 570 1
570 571 4
571 572 2
572 573 2
573 574 3
574 575 2
575 576 5
576 577 2
577 578 5
578 579 4
579 580 4
580 581 4
581 582 3
582 583 5
583 584 5
584 585 4
585 586 2
586 587 1
587 588 2
588 589 5
589 590 5
590 591 1
591 592 2
592 593 1
593 594 2
594 595 5
595 596 1
596 597 1
597 598 5
598 599 2
599 600 2
600 601 2
601 602 2
602 603 4
603 604 1
604 605 3
605 606 4
606 607 3
607 608 3
608 609 2
609 610 2
610 611 5
611 612 3
612 613 5
613 614 2
614 615 5
615 616 1
616 617 4
617 618 1
618 619 1
619 620 1
620 621 1
621 622 4
622 623 1
623 624 3
624 625 1
625 626 4
626 627 5
627 628 4
628 629 5
629 630 4
630 631 5
631 632 2
632 633 1
633 634 3
634 635 2
635 636 1
636 637 5
637 638 2
638 639 1
639 640 2
640 641 3
641 642 2
642 643 1
643 644 1
644 645 4
645 646 5
646 647 5
647 648 3
648 649 3
649 650 2
650 651 4
651 652 5
652 653 3
653 654 4
654 655 1
655 656 2
656 657 5
657 658 4
658 659 3
659 660 3
660 661 2
661 662 5
662 663 5
663 664 4
664 665 5
665 666 1
666 667 3
667 668 1
668 669 2
669 670 4
670 671 3
671 672 3
672 673 3
673 674 3
674 675 3
675 676 2
676 677 4
677 678 3
678 679 3
679 680 3
680 681 1
681 682 2
682 683 5
683 684 1
684 685 1
685 686 1
686 687 5
687 688 2
688 689 2
689 690 2
690 691 1
691 692 5
692 693 1
693 694 1
694 695 3
695 696 5
696 697 3
697 698 3
698 699 1
699 700 3
700 701 5
701 702 1
702 703 1
703 704 1
704 705 4
705 706 2
706 707 1
707 708 2
708 709 3
709 710 2
710 711 2
711 712 2
712 713 3
713 714 4
714 715 3
715 716 5
716 717 1
717 718 1
718 719 4
719 720 3
720 721 4
721 722 1
722 723 3
723 724 5
724 725 1
725 726 4
726 727 5
727 728 5
728 729 2
729 730 3
730 731 1
731 732 1
732 733 4
733 734 1
734 735 2
735 736 5
736 737 5
737 738 4
738 739 2
739 740 3
740 741 3
741 742 1
742 743 4
743 744 5
744 745 2
745 746 1
746 747 2
747 748 3
748 749 3
749 750 4
750 751 4
751 752 5
752 753 4
753 754 2
754 755 4
755 756 5
756 757 1
757 758 2
758 759 5
759 760 1
760 761 3
761 762 3
762 763 4
763 764 1
764 765 4
765 766 3
766 767 2
767 768 4
768 769 2
769 770 1
770 771 1
771 772 4
772 773 5
773 774 3
774 775 4
775 776 2
776 777 5
777 778 5
778 779 4
779 780 4
780 781 5
781 782 5
782 783 4
783 784 1
784 785 1
785 786 1
786 787 5
787 788 5
788 789 5
789 790 4
790 791 3
791 792 5
792 793 4
793 794 1
794 795 4
795 796 4
796 797 3
797 798 1
798 799 2
799 800 4
800 801 5
299 300 1
298 299 1
297 300 3
296 299 1
295 298 1
294 297 5
293 297 3
292 294 5
291 297 3
290 300 5
289 292 4
288 295 4
287 297 4
286 299 4
285 292 1
284 292 1
283 296 1
282 296 5
281 290 3
280 298 5
279 290 5
278 299 2
277 287 1
276 286 5
275 281 2
274 299 2
273 294 5
272 288 3
271 287 3
270 294 3
269 292 1
268 292 4
267 287 3
266 299 2
265 286 2
264 283 1
263 295 4
262 284 2
261 279 5
260 291 1
259 285 4
258 272 2
257 300 3
256 267 1
255 275 2
254 279 4
253 257 1
252 295 3
251 259 1
250 260 1
249 288 5
248 281 5
247 269 5
246 269 4
245 294 5
244 265 5
243 271 1
242 267 3
241 287 2
240 241 5
239 285 4
238 275 3
237 273 1
236 252 3
235 290 5
234 253 4
233 242 2
232 252 1
231 236 2
230 250 3
229 263 2
228 280 5
227 231 1
226 232 4
225 231 4
224 277 1
223 256 3
222 247 5
221 223 4
220 273 4
219 299 2
218 222 5
217 263 2
216 275 4
215 251 4
214 248 2
213 227 2
212 300 2
211 214 2
210 235 5
209 249 1
208 279 1
207 287 2
206 223 4
205 267 4
204 248 3
203 275 2
202 230 1
201 258 4
200 235 2
199 278 2
198 265 1
197 271 1
196 290 4
195 260 4
194 198 4
193 256 4
192 263 2
191 202 3
190 206 5
189 298 4
188 207 2
187 276 2
186 225 5
185 203 2
184 284 4
183 282 1
182 261 2
181 239 4
180 182 5
179 249 4
178 206 2
177 212 3
176 187 4
175 185 1
174 179 4
173 252 4
172 202 2
171 246 5
170 262 3
169 248 1
168 265 1
167 264 3
166 199 4
165 224 4
164 200 5
163 240 3
162 166 5
161 251 5
160 242 4
159 228 3
158 167 5
157 163 2
156 210 5
155 234 3
154 298 4
153 263 5
152 268 3
151 192 4
150 272 2
149 192 4
148 192 1
147 295 4
146 236 1
145 244 2
144 254 3
143 270 5
142 214 2
141 144 5
140 211 4
139 239 4
138 188 3
137 242 5
136 201 3
135 193 5
134 234 5
133 218 1
132 205 4
131 216 4
130 181 2
129 248 1
128 143 4
127 144 1
126 204 4
125 181 2
124 253 4
123 275 1
122 234 5
121 214 4
120 195 2
119 281 2
118 226 5
117 167 3
116 140 4
115 242 2
114 123 4
113 198 5
112 115 5
111 194 3
110 166 2
109 179 1
108 213 3
107 176 3
106 272 4
105 242 3
104 279 1
103 207 3
102 226 4
101 134 5
100 245 3
99 258 2
98 121 3
97 184 2
96 205 1
95 143 5
94 271 4
93 157 4
92 134 4
91 295 2
90 223 4
89 159 2
88 221 1
87 115 1
86 254 5
85 197 4
84 229 2
83 174 3
82 142 1
81 295 4
80 291 5
79 159 3
78 300 3
77 86 3
76 296 3
75 227 3
74 138 2
73 286 3
72 200 4
71 210 3
70 113 2
69 167 4
68 93 5
67 171 3
66 295 1
65 163 4
64 104 1
63 196 1
62 190 4
61 141 3
60 256 3
59 63 1
58 225 2
57 204 1
56 128 3
55 133 4
54 300 2
53 126 3
52 138 3
51 163 1
50 61 1
49 54 2
48 226 1
47 105 1
46 191 5
45 300 1
44 134 4
43 48 2
42 286 2
41 76 3
40 144 1
39 68 1
38 97 4
37 88 3
36 91 4
35 92 4
34 41 5
33 246 4
32 85 3
31 115 1
30 196 3
29 143 4
28 72 3
27 254 5
26 162 3
25 30 3
24 90 1
23 36 1
22 89 2
21 27 2
20 59 1
19 205 1
18 36 5
17 191 1
16 94 4
15 27 2
14 155 2
13 179 1
12 162 5
11 75 4
10 75 4
9 209 4
8 81 2
7 101 2
6 224 2
5 61 2
4 28 5
3 56 3
2 239 5
1 284 3
802 801 1
803 802 4
804 802 4
805 802 2
806 801 4
807 803 4
808 802 2
809 801 5
810 804 5
811 809 5
812 804 2
813 807 4
814 810 5
815 802 4
816 811 1
817 814 3
818 803 4
819 807 5
820 810 4
821 818 1
822 804 3
823 822 3
824 813 3
825 804 2
826 815 2
827 825 4
828 823 1
829 808 1
830 803 2
831 825 1
832 826 1
833 810 5
834 805 1
835 805 4
836 802 5
837 809 5
838 801 4
839 816 3
840 832 4
841 804 2
842 840 2
843 834 4
844 820 1
845 831 5
846 824 4
847 818 5
848 819 4
849 832 1
850 834 1
851 847 1
852 833 5
853 826 3
854 838 4
855 833 4
856 816 1
857 813 3
858 848 4
859 831 1
860 802 5
861 810 3
862 830 1
863 810 1
864 843 1
865 861 2
866 825 3
867 819 4
868 845 5
869 837 2
870 853 4
871 861 5
872 848 5
873 836 4
874 868 4
875 846 2
876 867 1
877 847 1
878 869 4
879 832 5
880 846 4
881 809 1
882 823 2
883 874 2
884 808 1
885 804 4
886 870 5
887 860 5
888 833 4
889 865 2
890 871 3
891 836 3
892 853 3
893 823 5
894 837 2
895 812 3
896 833 4
897 844 1
898 817 4
899 898 5
900 826 4
901 818 3
902 829 2
903 808 5
904 901 5
905 900 4
906 819 3
907 802 4
908 813 3
909 874 5
910 849 5
911 821 3
912 845 1
913 876 1
914 817 5
915 843 4
916 914 3
917 903 2
918 813 2
919 870 5
920 903 4
921 896 3
922 860 4
923 878 3
924 889 4
925 818 3
926 900 4
927 912 2
928 909 2
929 805 3
930 834 5
931 872 3
932 804 3
933 860 3
934 922 5
935 802 3
936 808 2
937 847 1
938 932 1
939 914 3
940 812 3
941 902 2
942 893 3
943 892 2
944 817 3
945 807 5
946 852 3
947 867 3
948 891 5
949 843 5
950 835 1
951 832 4
952 890 3
953 946 5
954 899 1
955 851 3
956 914 5
957 883 3
958 869 5
959 919 1
960 902 5
961 955 1
962 908 1
963 874 3
964 815 2
965 889 4
966 808 2
967 821 5
968 876 2
969 869 3
970 936 3
971 838 5
972 927 5
973 933 5
974 889 3
975 846 2
976 907 1
977 897 2
978 944 5
979 918 5
980 956 4
981 942 5
982 927 5
983 913 3
984 922 4
985 918 2
986 969 5
987 965 4
988 923 2
989 869 2
990 841 4
991 839 4
992 981 1
993 829 3
994 892 1
995 803 1
996 857 4
997 956 3
998 986 1
999 882 2
1000 857 4
1001 833 4
1002 969 5
1003 879 2
1004 993 1
1005 908 4
1006 997 1
1007 900 5
1008 805 4
1009 813 2
1010 804 3
1011 806 2
1012 935 4
1013 996 4
1014 986 3
1015 933 4
1016 831 1
1017 1008 5
1018 1003 3
1019 874 1
1020 960 4
1021 965 3
1022 930 3
1023 986 5
1024 964 5
1025 971 5
1026 805 1
1027 845 3
1028 1017 1
1029 833 2
1030 932 2
1031 916 1
1032 957 1
1033 897 5
1034 828 3
1035 961 3
1036 983 1
1037 1013 5
1038 918 5
1039 881 5
1040 815 3
1041 1005 1
1042 857 1
1043 804 1
1044 975 4
1045 876 5
1046 843 3
1047 863 5
1048 804 2
1049 1029 2
1050 827 1
1051 878 1
1052 822 3
1053 881 5
1054 823 5
1055 811 3
1056 925 5
1057 922 3
1058 979 2
1059 838 5
1060 804 2
1061 1017 1
1062 804 4
1063 1005 5
1064 831 3
1065 890 2
1066 995 3
1067 818 3
1068 864 5
1069 904 3
1070 820 3
1071 1046 4
1072 952 4
1073 852 3
1074 918 5
1075 897 5
1076 1048 2
1077 930 2
1078 885 2
1079 846 1
1080 1031 2
1081 872 4
1082 827 3
1083 907 3
1084 1000 4
1085 852 1
1086 1018 2
1087 898 2
1088 806 2
1089 1003 4
1090 967 5
1091 894 4
1092 965 2
1093 1063 1
1094 836 2
1095 875 4
1096 1063 2
1097 1050 1
1098 815 1
1099 1026 5
1100 1007 3
1101 1075 2
1102 814 5
1103 1016 5
1104 1056 2
1105 864 5
1106 979 2
1107 928 1
1108 896 1
1109 860 5
1110 803 1
1111 821 1
1112 1108 3
1113 967 5
1114 1001 5
1115 1098 1
1116 990 3
1117 983 1
1118 1102 2
1119 981 2
1120 1056 5
1121 1009 1
1122 913 1
1123 1070 1
1124 877 2
1125 985 3
1126 937 4
1127 1030 3
1128 928 1
1129 822 3
1130 856 3
1131 939 2
1132 1004 5
1133 887 4
1134 804 5
1135 1008 5
1136 1091 2
1137 1072 3
1138 932 4
1139 1059 2
1140 1027 5
1141 866 3
1142 877 5
1143 1022 3
1144 1100 3
1145 1028 1
1146 821 1
1147 857 3
1148 1108 2
1149 920 2
1150 860 5
1151 1108 3
1152 944 3
1153 925 1
1154 806 3
1155 1015 4
1156 1090 4
1157 1063 4
1158 805 5
1159 817 5
1160 1141 4
1161 925 3
1162 1099 3
1163 1053 2
1164 1036 2
1165 1073 5
1166 976 4
1167 1126 5
1168 1101 5
1169 803 3
1170 883 3
1171 1101 1
1172 989 5
1173 888 1
1174 934 5
1175 1022 4
1176 802 5
1177 913 4
1178 996 5
1179 1178 1
1180 821 2
1181 876 2
1182 843 5
1183 1032 5
1184 972 5
1185 982 5
1186 1159 2
1187 1019 3
1188 1154 4
1189 1018 1
1190 1183 5
1191 829 3
1192 854 1
1193 1013 1
1194 932 3
1195 1031 5
1196 1018 4
1197 891 3
1198 1009 2
1199 858 3
1200 1035 4
1201 998 1
1202 1142 4
1203 922 5
1204 813 3
1205 895 2
1206 1098 4
1207 802 1
1208 977 2
1209 893 1
1210 928 1
1211 1156 2
1212 1130 5
1213 1071 3
1214 1072 2
1215 949 2
1216 1037 5
1217 1052 5
1218 943 3
1219 841 5
1220 1118 3
1221 1024 3
1222 942 1
1223 1003 2
1224 910 4
1225 985 2
1226 1055 1
1227 1084 2
1228 843 5
1229 1069 4
1230 1148 5
1231 902 3
1232 825 3
1233 1031 4
1234 873 3
1235 1061 4
1236 1080 3
1237 943 3
1238 1197 5
1239 957 2
1240 908 2
1241 1144 2
1242 1215 1
1243 972 2
1244 860 5
1245 1079 2
1246 843 5
1247 1210 5
1248 870 2
1249 1076 2
1250 855 3
1251 877 5
1252 907 5
1253 892 5
1254 1009 1
1255 1156 3
1256 999 2
1257 985 3
1258 1210 4
1259 1027 5
1260 1023 4
1261 859 5
1262 808 5
1263 1037 1
1264 1132 1
1265 1046 3
1266 816 3
1267 1080 3
1268 916 5
1269 1047 3
1270 939 5
1271 851 4
1272 872 2
1273 1158 3
1274 906 1
1275 919 1
1276 1225 4
1277 1120 2
1278 893 4
1279 1176 3
1280 1077 1
1281 1006 1
1282 1186 2
1283 1127 5
1284 1198 4
1285 1112 3
1286 1150 3
1287 892 1
1288 1011 5
1289 808 3
1290 1208 1
1291 1204 1
1292 933 5
1293 1184 5
1294 1056 1
1295 1275 3
1296 1256 4
1297 1032 1
1298 1277 3
1299 1219 5
1300 1224 5
1301 1221 4
1302 1102 3
1303 982 3
1304 925 5
1305 1096 1
1306 841 1
1307 1237 5
1308 1148 5
1309 1199 2
1310 1123 4
1311 1293 3
1312 1095 4
1313 1067 2
1314 1310 4
1315 1290 5
1316 1206 4
1317 1303 4
1318 1186 5
1319 1271 1
1320 889 1
1321 802 4
1322 996 1
1323 907 3
1324 1301 4
1325 875 4
1326 1130 5
1327 1196 3
1328 983 5
1329 996 2
1330 1077 3
1331 884 5
1332 1154 5
1333 1027 2
1334 1243 2
1335 1024 4
1336 936 5
1337 1307 1
1338 1102 4
1339 1065 4
1340 1247 5
1341 1184 1
1342 1290 4
1343 1275 5
1344 1334 3
1345 1169 3
1346 1327 2
1347 1178 5
1348 1011 2
1349 833 4
1350 1185 1
1351 1190 5
1352 1232 1
1353 962 3
1354 1234 4
1355 1007 3
1356 1278 5
1357 1037 2
1358 1231 2
1359 1354 3
1360 944 3
1361 1083 5
1362 1340 4
1363 1046 5
1364 1129 3
1365 821 2
1366 849 3
1367 1081 2
1368 812 4
1369 829 1
1370 947 4
1371 1291 3
1372 1300 1
1373 1092 1
1374 1052 3
1375 1078 1
1376 853 5
1377 1319 1
1378 1267 5
1379 1196 2
1380 926 4
1381 1324 2
1382 813 1
1383 991 4
1384 1260 3
1385 1165 2
1386 853 2
1387 1142 2
1388 890 5
1389 949 1
1390 823 3
1391 912 3
1392 1161 2
1393 1103 5
1394 839 1
1395 816 3
1396 808 3
1397 1183 5
1398 977 4
1399 1260 5
1400 1066 4
1401 1042 1
1402 1035 4
1403 1221 2
1404 1093 1
1405 1330 1
1406 914 3
1407 1242 5
1408 1285 1
1409 1279 1
1410 848 1
1411 1048 3
1412 910 2
1413 1284 5
1414 1325 1
1415 993 2
1416 1408 1
1417 1291 5
1418 1002 5
1419 1167 2
1420 1183 2
1421 837 4
1422 1349 5
1423 1026 3
1424 1229 5
1425 1115 2
1426 1175 4
1427 1304 3
1428 1042 1
1429 1409 3
1430 1336 1
1431 807 3
1432 1223 3
1433 873 3
1434 1099 2
1435 1065 3
1436 998 5
1437 1432 1
1438 1225 4
1439 820 3
1440 1076 3
1441 882 2
1442 979 2
1443 1270 1
1444 1114 1
1445 1317 1
1446 843 3
1447 808 4
1448 1012 2
1449 958 1
1450 1347 4
1451 1420 2
1452 1194 2
1453 1284 1
1454 1036 5
1455 1248 2
1456 1245 5
1457 1409 3
1458 1115 2
1459 982 1
1460 1030 2
1461 1285 1
1462 1040 3
1463 1340 1
1464 814 1
1465 978 5
1466 951 1
1467 1300 1
1468 1439 2
1469 1183 2
1470 1309 4
1471 1255 4
1472 1352 5
1473 1381 5
1474 838 3
1475 1106 5
1476 853 1
1477 901 4
1478 1332 4
1479 1195 3
1480 1447 1
1481 1434 4
1482 1114 4
1483 1394 3
1484 870 3
1485 1274 3
1486 1043 4
1487 1078 1
1488 1130 2
1489 1400 1
1490 1108 3
1491 899 5
1492 1334 4
1493 831 2
1494 1077 4
1495 1068 3
1496 1109 5
1497 1397 3
1498 1083 1
1499 1449 2
1500 1397 3
1391 1278 5
1164 1446 4
1001 893 1
1445 1034 3
897 988 3
1178 1422 5
1120 1000 1
1233 1129 3
817 1001 2
19 119 3
63 5 5
135 157 1
