50 100
18 40 48 35
47 17 812
45 2 330
32 20 102
13 43 204
34 28 239
3 11 133
2 13 331
50 26 215
49 11 333
45 15 7
50 44 784
44 38 33
36 50 591
27 40 525
43 41 595
36 39 816
15 33 401
22 15 814
18 32 886
18 26 282
45 10 279
14 45 858
13 5 622
10 29 786
20 19 500
29 9 160
1 15 361
28 22 475
27 23 737
38 6 613
38 28 644
34 24 606
19 41 906
9 33 611
50 27 429
11 33 915
46 19 577
13 24 312
38 3 34
18 40 57
41 31 604
36 46 855
38 33 689
26 37 664
15 40 778
43 11 144
11 6 805
33 18 197
32 9 694
48 21 995
1 44 870
50 34 111
29 3 178
35 25 278
29 47 36
48 36 958
2 10 318
19 6 519
29 22 122
34 3 993
41 13 551
13 30 347
50 20 380
33 3 207
20 38 582
30 17 427
37 26 150
11 14 271
4 37 758
24 6 194
8 44 282
23 39 845
34 49 865
41 8 720
28 10 526
49 35 789
5 25 64
42 29 566
18 33 863
8 28 411
44 37 749
10 9 867
40 16 281
33 50 370
3 21 670
21 40 422
20 22 809
15 13 259
17 2 300
18 2 414
31 32 968
50 43 42
7 3 136
50 16 341
26 35 738
40 38 659
12 48 961
37 13 950
39 18 51
25 23 579
