1000 1000
1 522587157
2 12923825
3 619545837
4 572269674
5 979999288
6 762547127
7 792017667
8 554588077
9 581143378
10 540076145
11 607071525
12 168391402
13 646830047
14 830657871
15 264211147
16 329317249
17 597041480
18 770962284
19 895597035
20 17791706
21 218564045
22 803663268
23 345989077
24 337994174
25 374429205
26 834162324
27 724031268
28 785668951
29 210662222
30 594385355
31 858157752
32 621287017
33 938137173
34 650685972
35 966494214
36 824689630
37 237753063
38 229393607
39 572286349
40 853634491
41 500460523
42 537011417
43 161841047
44 837118586
45 413589394
46 190304949
47 504376579
48 751744426
49 608236555
50 689515137
51 87578201
52 122135027
53 494931937
54 583836142
55 297272589
56 927353089
57 808424245
58 495190927
59 479251173
60 396540709
61 339002893
62 844157399
63 311763816
64 368765505
65 621305398
66 915514049
67 159855463
68 263263374
69 817627757
70 281554250
71 322651431
72 445165656
73 793053736
74 781264814
75 434968661
76 222583812
77 948467260
78 912533768
79 297114461
80 484638486
81 866729913
82 628930857
83 629511815
84 401298075
85 998925654
86 412414677
87 729676269
88 745573237
89 972446226
90 855227036
91 871587380
92 816260220
93 868112098
94 921916481
95 500950396
96 446926414
97 308331815
98 748372837
99 69767844
100 906071348
101 214092501
102 426021987
103 745644878
104 617336661
105 331048697
106 14932826
107 138685150
108 317969654
109 871553218
110 515856918
111 670261991
112 576016701
113 712515375
114 667609239
115 199728836
116 721224247
117 26735638
118 632712736
119 232430947
120 202289924
121 976258173
122 100423201
123 322684258
124 494407244
125 630373064
126 678280430
127 40594129
128 889767061
129 156575892
130 180180151
131 329286791
132 658489524
133 671891266
134 877522619
135 726016754
136 544320200
137 38316155
138 884783052
139 231564449
140 803339663
141 220806535
142 704527691
143 375069974
144 252916675
145 638646717
146 108155569
147 468543059
148 41792823
149 850435837
150 73100766
151 898381828
152 146979990
153 752212194
154 224791396
155 675090380
156 563942388
157 556111277
158 819505899
159 641726454
160 241392320
161 697888043
162 304980028
163 333664298
164 544242134
165 939150370
166 328903745
167 392907981
168 465258536
169 874341747
170 46614806
171 503654175
172 563826233
173 38604813
174 194383135
175 239859132
176 997735782
177 969204445
178 868544699
179 21429633
180 354011382
181 347982987
182 710097998
183 218738034
184 918568670
185 796266624
186 373991327
187 970835706
188 785775156
189 919802453
190 190560052
191 695081339
192 693176930
193 688238240
194 814264697
195 371823055
196 726164318
197 719132493
198 999735633
199 522113821
200 349405605
201 967796995
202 530152561
203 137410280
204 837890681
205 677396184
206 840721617
207 954339274
208 589688412
209 217602212
210 551106050
211 700571120
212 24754752
213 537762937
214 625777212
215 576348760
216 58144918
217 61345208
218 350625057
219 626468213
220 144170988
221 33930148
222 765834909
223 228316518
224 300834747
225 437945352
226 690750988
227 172701081
228 641690878
229 266940676
230 819238292
231 501664990
232 428828484
233 460192405
234 364039704
235 42591951
236 210899312
237 607386634
238 200090359
239 717286610
240 413833575
241 907289899
242 320234976
243 498284315
244 820926770
245 391167589
246 625516606
247 804579927
248 176542624
249 39310911
250 865842544
251 261395070
252 852966505
253 958215658
254 212155188
255 805365878
256 54269593
257 267444216
258 475388388
259 975718094
260 42481991
261 671447120
262 745042011
263 882656814
264 504416190
265 384685710
266 219443801
267 137145297
268 161625718
269 669833286
270 993862072
271 305992315
272 355640258
273 188143641
274 926916376
275 541358885
276 113345757
277 446163745
278 931168966
279 808514166
280 270758038
281 50430724
282 300981407
283 140067125
284 807272918
285 578451518
286 807351284
287 699492697
288 474770239
289 257433023
290 402140753
291 970993821
292 112682319
293 261342123
294 976175576
295 269034545
296 194300375
297 406625832
298 139213551
299 401908144
300 524439874
301 238520381
302 711831823
303 953162682
304 543683443
305 768470604
306 366521283
307 212601889
308 18887175
309 527423190
310 34770516
311 887242643
312 954110384
313 30336669
314 981176604
315 965943620
316 230219828
317 568120164
318 821523815
319 980277917
320 992266725
321 12396699
322 475167957
323 858017017
324 497114812
325 80450844
326 479121404
327 212496882
328 774561987
329 745211417
330 541992063
331 995972184
332 800566601
333 636802074
334 636086302
335 299225664
336 201195605
337 81576693
338 882237563
339 263197206
340 821931556
341 683412724
342 341182446
343 405795653
344 917407324
345 963617241
346 987016241
347 422139797
348 67867787
349 221453827
350 527895215
351 439977832
352 865967280
353 372718276
354 320825944
355 928052574
356 581484468
357 719220646
358 587274538
359 277643941
360 984715574
361 30506244
362 806149820
363 930673596
364 245004314
365 667782673
366 316750395
367 244039725
368 905822308
369 11681245
370 458765573
371 12575766
372 879050891
373 995103086
374 546076932
375 59753897
376 919254493
377 327762045
378 220034527
379 456024272
380 72197624
381 106787793
382 565004880
383 488067972
384 71473335
385 46971837
386 690774334
387 293868176
388 587247251
389 290703359
390 215388048
391 539975846
392 22468663
393 337667235
394 82822386
395 394701955
396 310714646
397 12375437
398 423963544
399 495326665
400 594478217
401 516508947
402 73057686
403 273841707
404 774166131
405 312285340
406 348605788
407 567732368
408 972508330
409 905346866
410 939780202
411 776790780
412 872178360
413 641660999
414 904786231
415 628608204
416 882419601
417 154603445
418 845969604
419 238707478
420 492001918
421 176328708
422 717621868
423 866105983
424 149426066
425 317697572
426 16526179
427 236129983
428 355231225
429 314756782
430 686027666
431 93424365
432 133829428
433 914071012
434 812878810
435 424501116
436 112638448
437 288832671
438 273681265
439 799553042
440 47367156
441 557400832
442 106154542
443 586339536
444 378260165
445 836889024
446 915559632
447 156616378
448 5533507
449 524741202
450 554170807
451 855256536
452 740329501
453 271567000
454 656444016
455 34148042
456 825726941
457 783057244
458 237170615
459 77831769
460 4781912
461 276743846
462 537775905
463 719394420
464 133733749
465 743543103
466 588959971
467 282722616
468 296718922
469 210454292
470 644101455
471 307798678
472 64648419
473 243934665
474 61724082
475 704715303
476 138550238
477 381100750
478 826227138
479 439658335
480 529205424
481 443052850
482 104399437
483 646941780
484 170040116
485 872043916
486 41823423
487 634436828
488 843132894
489 516280288
490 485393504
491 408704364
492 442279371
493 922768953
494 207704947
495 384128068
496 560353474
497 999650363
498 415353459
499 612240292
500 16710956
501 34443755
502 421207549
503 461329439
504 271489704
505 503605816
506 738208307
507 437173023
508 271678933
509 777818306
510 142659529
511 894659441
512 809809173
513 267001333
514 945447676
515 860857267
516 947574015
517 312705505
518 197348730
519 87110658
520 973125293
521 148536801
522 589214086
523 362726266
524 505162488
525 369087263
526 956348535
527 353399369
528 711807936
529 492733104
530 641851157
531 905772876
532 63045049
533 553830608
534 989220664
535 589826760
536 934371961
537 760865187
538 32193285
539 892301869
540 631872394
541 947189121
542 837829508
543 968786917
544 784095882
545 373872428
546 569265330
547 836344042
548 218592797
549 632230657
550 243517434
551 947441477
552 197095892
553 796921335
554 605777750
555 862435882
556 832064595
557 165777505
558 763566854
559 188176437
560 309204057
561 688327532
562 462812510
563 894829117
564 403763116
565 313985147
566 662429632
567 699409634
568 49247630
569 448419406
570 22090199
571 59574147
572 868292796
573 909916338
574 526403679
575 4203333
576 722181710
577 807025838
578 858832363
579 651237211
580 784807059
581 383050344
582 612033583
583 578222839
584 283115601
585 107698422
586 19752737
587 830529395
588 277846249
589 598326757
590 533058481
591 767603883
592 980615584
593 389217875
594 104283143
595 21732114
596 297566378
597 222320535
598 269681881
599 312124032
600 655620812
601 250099978
602 699301065
603 766767353
604 520832183
605 561197196
606 325978671
607 404974009
608 79889696
609 370060285
610 801794783
611 646622266
612 455536380
613 994543601
614 945660735
615 697028654
616 853179025
617 794420847
618 897393924
619 868541747
620 134757752
621 9004818
622 258473057
623 758462523
624 570856928
625 253325608
626 762027711
627 639453416
628 662497663
629 693639585
630 17037599
631 461988553
632 707224140
633 755916725
634 198235125
635 624213156
636 784309288
637 14067460
638 18935167
639 976723300
640 814560183
641 710115613
642 389616697
643 374885934
644 850538060
645 149565398
646 23960431
647 624363814
648 955031303
649 613863693
650 42662625
651 486617328
652 864505754
653 721383363
654 284588143
655 545775727
656 628057833
657 363370924
658 992821631
659 179170546
660 188639435
661 191643299
662 288583194
663 600380863
664 934495630
665 32193412
666 805164474
667 719270921
668 319294398
669 874475610
670 663699190
671 424917674
672 56342866
673 715973364
674 963993301
675 319929614
676 495897567
677 974955742
678 984146194
679 335090666
680 879897414
681 298613298
682 426435770
683 817652826
684 249343667
685 717794614
686 600567155
687 83285807
688 492680586
689 389751900
690 842414114
691 324189218
692 941521734
693 88086485
694 914190596
695 211853720
696 633412971
697 419885127
698 961144029
699 574065382
700 739395624
701 841833741
702 697006826
703 514175095
704 37499468
705 524263638
706 954096496
707 430968697
708 742727636
709 161136061
710 852381439
711 263837201
712 375377423
713 886742560
714 180912353
715 593934121
716 987614044
717 773109345
718 473843198
719 188186887
720 23129485
721 360026867
722 600270802
723 10049896
724 530768950
725 471221193
726 696687739
727 545344407
728 995079734
729 721664722
730 881098768
731 231850757
732 753075987
733 245918882
734 495423165
735 476946366
736 246969944
737 242798185
738 343991439
739 528388670
740 142023841
741 891560561
742 248918709
743 321038219
744 284361916
745 731285568
746 92791753
747 152729298
748 674868439
749 738133563
750 756973762
751 364530429
752 556800368
753 298701335
754 558442718
755 424252703
756 949893497
757 879589758
758 958842257
759 887790626
760 327129178
761 236070923
762 869569155
763 614226856
764 381631344
765 147253423
766 171546652
767 484242940
768 227327260
769 140869758
770 760913650
771 794307111
772 10479499
773 309254120
774 345514122
775 290960887
776 51022248
777 592208187
778 906775656
779 899706477
780 193221427
781 487261498
782 473440710
783 36677178
784 916182321
785 197074218
786 506099580
787 826619486
788 713392883
789 978260684
790 568438950
791 574442125
792 293405774
793 865582505
794 600514579
795 424802307
796 274452547
797 949674259
798 97450531
799 428473598
800 6157111
801 409141158
802 610958634
803 652696631
804 111618158
805 479994648
806 96448498
807 712459640
808 428644110
809 873748934
810 579912102
811 325896376
812 594736853
813 685219111
814 793402349
815 817155548
816 558882224
817 187401939
818 137382443
819 621486291
820 130794663
821 235492365
822 647316816
823 432750607
824 627146649
825 68600719
826 408097599
827 677433229
828 883625106
829 787549426
830 930758233
831 810774774
832 826384331
833 302926828
834 706885621
835 380235903
836 85180763
837 344119508
838 83176634
839 382162353
840 789946764
841 678270768
842 748866804
843 257969754
844 973035257
845 38240353
846 478684416
847 576460260
848 7265862
849 601252978
850 421557954
851 408744388
852 499171715
853 93184333
854 787776563
855 667976610
856 46354793
857 726242787
858 742520688
859 12105406
860 259911167
861 498425511
862 896212730
863 89481183
864 974522451
865 815268053
866 997413267
867 458617333
868 110861654
869 930465210
870 849484999
871 912249155
872 799156939
873 45889400
874 422135502
875 816744406
876 8352825
877 701281515
878 637295467
879 83589884
880 725624706
881 596385270
882 407847127
883 194531453
884 509393896
885 197428743
886 873281441
887 102496708
888 430353821
889 599970539
890 170141090
891 205394689
892 235096030
893 889053173
894 865951959
895 4731034
896 410748215
897 921778448
898 275389569
899 138159516
900 787684734
901 545629226
902 650985622
903 439567148
904 971041094
905 488275760
906 293605810
907 483804306
908 106203959
909 430848437
910 361792135
911 553927228
912 188104244
913 697161013
914 572865343
915 854623123
916 922788747
917 266078171
918 874571247
919 807151100
920 830953591
921 399433320
922 157173262
923 589594422
924 601243503
925 921416731
926 230930853
927 41595646
928 61817179
929 237181581
930 648879318
931 337981010
932 50015225
933 119764691
934 936616315
935 910992621
936 141454966
937 582923290
938 475683210
939 157696420
940 358675585
941 248990436
942 57566230
943 959305487
944 174305279
945 201324182
946 553042024
947 947518467
948 438930508
949 484143484
950 992535258
951 579781534
952 20731073
953 29676556
954 91755027
955 606410822
956 372312898
957 144312322
958 826327645
959 627299303
960 706549353
961 991851165
962 605460465
963 244421343
964 123841271
965 218078320
966 204487962
967 104441469
968 422718049
969 157408707
970 78034322
971 148220975
972 67141898
973 944059182
974 103436414
975 366909503
976 578194600
977 591368028
978 329963595
979 549880586
980 84798344
981 181531145
982 450815343
983 776729008
984 862138036
985 651627942
986 893800245
987 111307036
988 689060210
989 105759389
990 440380169
991 270114299
992 331898683
993 911497453
994 915895516
995 430879298
996 623367059
997 326277471
998 903391995
999 957382036
1000 634158597
2 94 10
2 93 10
2 80 10
2 32 10
2 92 10
2 94 10
2 92 10
2 50 10
2 74 10
2 48 10
2 94 10
2 65 10
2 73 10
2 36 10
2 18 10
2 23 10
2 16 10
2 97 10
2 47 10
2 90 10
2 55 10
2 10 10
2 86 10
2 6 10
2 1 10
2 47 10
2 12 10
2 86 10
2 51 10
2 46 10
2 77 10
2 32 10
2 35 10
2 97 10
2 23 10
2 95 10
2 11 10
2 76 10
2 64 10
2 49 10
2 12 10
2 95 10
2 7 10
2 66 10
2 56 10
2 73 10
2 87 10
2 77 10
2 78 10
2 90 10
2 92 10
2 92 10
2 16 10
2 42 10
2 44 10
2 60 10
2 23 10
2 12 10
2 20 10
2 57 10
2 82 10
2 37 10
2 17 10
2 50 10
2 67 10
2 33 10
2 25 10
2 88 10
2 49 10
2 24 10
2 81 10
2 13 10
2 77 10
2 96 10
2 92 10
2 47 10
2 24 10
2 98 10
2 92 10
2 10 10
2 41 10
2 93 10
2 66 10
2 93 10
2 83 10
2 5 10
2 66 10
2 91 10
2 70 10
2 77 10
2 37 10
2 38 10
2 13 10
2 61 10
2 35 10
2 94 10
2 52 10
2 59 10
2 60 10
2 44 10
2 26 10
2 80 10
2 30 10
2 77 10
2 96 10
2 18 10
2 74 10
2 11 10
2 22 10
2 38 10
2 79 10
2 7 10
2 56 10
2 80 10
2 12 10
2 23 10
2 15 10
2 97 10
2 78 10
2 28 10
2 53 10
2 91 10
2 12 10
2 29 10
2 70 10
2 95 10
2 16 10
2 9 10
2 36 10
2 49 10
2 98 10
2 17 10
2 15 10
2 11 10
2 77 10
2 71 10
2 86 10
2 3 10
2 71 10
2 75 10
2 28 10
2 1 10
2 19 10
2 54 10
2 82 10
2 81 10
2 51 10
2 76 10
2 14 10
2 61 10
2 74 10
2 24 10
2 50 10
2 22 10
2 36 10
2 38 10
2 56 10
2 58 10
2 59 10
2 91 10
2 35 10
2 79 10
2 5 10
2 38 10
2 62 10
2 4 10
2 59 10
2 66 10
2 54 10
2 37 10
2 13 10
2 33 10
2 39 10
2 77 10
2 94 10
2 97 10
2 8 10
2 55 10
2 32 10
2 1 10
2 26 10
2 24 10
2 57 10
2 79 10
2 91 10
2 43 10
2 5 10
2 31 10
2 23 10
2 67 10
2 53 10
2 2 10
2 90 10
2 17 10
2 81 10
2 15 10
2 97 10
2 39 10
2 76 10
2 75 10
2 65 10
2 57 10
2 64 10
2 83 10
2 94 10
2 29 10
2 47 10
2 9 10
2 33 10
2 82 10
2 58 10
2 90 10
2 58 10
2 41 10
2 85 10
2 81 10
2 63 10
2 28 10
2 35 10
2 91 10
2 31 10
2 85 10
2 27 10
2 91 10
2 8 10
2 48 10
2 74 10
2 77 10
2 54 10
2 50 10
2 81 10
2 48 10
2 100 10
2 6 10
2 10 10
2 72 10
2 40 10
2 40 10
2 6 10
2 58 10
2 35 10
2 64 10
2 5 10
2 75 10
2 89 10
2 35 10
2 38 10
2 32 10
2 30 10
2 9 10
2 29 10
2 31 10
2 92 10
2 98 10
2 85 10
2 30 10
2 28 10
2 81 10
2 11 10
2 89 10
2 33 10
2 1 10
2 92 10
2 44 10
2 53 10
2 35 10
2 1 10
2 47 10
2 39 10
2 35 10
2 3 10
2 12 10
2 85 10
2 31 10
2 58 10
2 45 10
2 43 10
2 34 10
2 91 10
2 59 10
2 32 10
2 64 10
2 86 10
2 6 10
2 57 10
2 28 10
2 49 10
2 74 10
2 42 10
2 52 10
2 56 10
2 56 10
2 7 10
2 21 10
2 45 10
2 2 10
2 62 10
2 92 10
2 67 10
2 92 10
2 79 10
2 25 10
2 63 10
2 98 10
2 97 10
2 74 10
2 6 10
2 55 10
2 74 10
2 65 10
2 65 10
2 44 10
2 95 10
2 22 10
2 13 10
2 54 10
2 40 10
2 4 10
2 1 10
2 52 10
2 53 10
2 18 10
2 2 10
2 67 10
2 14 10
2 71 10
2 28 10
2 13 10
2 74 10
2 74 10
2 81 10
2 46 10
2 66 10
2 41 10
2 32 10
2 89 10
2 36 10
2 86 10
2 51 10
2 72 10
2 31 10
2 30 10
2 53 10
2 76 10
2 92 10
2 37 10
2 18 10
2 87 10
2 19 10
2 86 10
2 92 10
2 65 10
2 46 10
2 17 10
2 5 10
2 13 10
2 22 10
2 46 10
2 13 10
2 93 10
2 31 10
2 61 10
2 50 10
2 55 10
2 44 10
2 13 10
2 81 10
2 19 10
2 32 10
2 73 10
2 99 10
2 19 10
2 100 10
2 98 10
2 9 10
2 9 10
2 28 10
2 66 10
2 58 10
2 40 10
2 64 10
2 66 10
2 68 10
2 68 10
2 45 10
2 75 10
2 59 10
2 10 10
2 2 10
2 50 10
2 70 10
2 16 10
2 6 10
2 9 10
2 60 10
2 8 10
2 62 10
2 16 10
2 61 10
2 82 10
2 10 10
2 79 10
2 23 10
2 76 10
2 51 10
2 77 10
2 98 10
2 99 10
2 78 10
2 85 10
2 16 10
2 92 10
2 6 10
2 82 10
2 12 10
2 32 10
2 43 10
2 93 10
2 47 10
2 12 10
2 5 10
2 80 10
2 59 10
2 14 10
2 40 10
2 97 10
2 3 10
2 77 10
2 36 10
2 90 10
2 17 10
2 76 10
2 86 10
2 31 10
2 99 10
2 32 10
2 38 10
2 59 10
2 44 10
2 49 10
2 94 10
2 67 10
2 24 10
2 93 10
2 2 10
2 47 10
2 66 10
2 26 10
2 81 10
2 21 10
2 76 10
2 59 10
2 32 10
2 57 10
2 36 10
2 16 10
2 20 10
2 1 10
2 31 10
2 61 10
2 60 10
2 25 10
2 49 10
2 53 10
2 44 10
2 4 10
2 56 10
2 11 10
2 73 10
2 88 10
2 59 10
2 98 10
2 64 10
2 91 10
2 16 10
2 25 10
2 36 10
2 23 10
2 7 10
2 49 10
2 26 10
2 20 10
2 6 10
2 100 10
2 100 10
2 56 10
2 47 10
2 43 10
2 31 10
2 89 10
2 54 10
2 17 10
2 77 10
2 61 10
2 71 10
2 90 10
2 70 10
2 16 10
2 51 10
2 16 10
2 584 10
1 601 888 671509323
2 462 0
2 267 8
2 814 3
2 679 8
1 754 361 760761365
2 604 8
1 668 691 786807356
2 38 7
2 709 4
2 853 9
1 11 483 860215402
2 535 6
1 376 354 466971925
2 467 4
2 506 9
1 725 528 424343027
1 32 858 582470549
1 294 937 352188666
2 927 1
1 963 770 919530989
1 294 155 546404388
1 575 979 187826240
1 330 477 646342749
2 243 1
2 878 6
1 302 250 990652745
1 53 962 330860776
2 441 2
1 576 58 496476011
2 147 5
2 710 10
1 645 831 90438255
1 295 376 696771815
2 5 8
2 125 9
1 42 414 66569740
2 623 5
1 130 429 350181500
1 657 226 75208706
1 571 815 555029225
1 73 712 102315879
1 788 620 489419895
2 79 5
1 158 649 267826382
1 693 717 888572962
1 567 889 871075731
1 782 330 441330370
2 748 0
1 717 336 429858804
2 567 6
2 129 9
1 595 8 77095427
2 249 6
2 997 1
1 157 165 846063362
1 35 131 831233739
1 304 974 825597570
2 569 9
2 417 5
1 768 781 39877821
2 67 1
2 257 3
2 748 0
1 819 321 784088729
1 51 795 237419477
1 924 983 536925428
1 317 945 310214297
2 33 4
2 672 4
2 530 6
1 103 151 685224980
2 303 4
1 295 344 264769716
2 441 4
1 727 563 680047445
2 782 10
2 663 2
2 140 5
1 525 689 422349714
1 14 247 811245547
1 27 326 349878280
2 119 4
1 581 235 818946203
1 287 300 585009685
1 901 689 233691792
1 893 372 146376502
1 508 282 480731950
1 231 472 646604708
2 429 2
1 747 353 129821389
1 431 175 205769471
1 872 572 973405484
1 638 894 774513942
2 296 6
1 568 752 873889599
2 60 8
1 584 786 448786872
1 705 856 29124838
2 521 0
1 969 634 154534270
2 605 2
2 182 10
2 816 8
1 188 329 355555059
1 658 110 228438634
2 624 7
2 160 6
1 916 917 430636099
2 481 9
1 770 88 771694509
1 923 518 630241849
2 310 7
1 945 76 750915725
2 353 0
1 24 749 44573938
1 174 189 699311882
1 176 334 293745542
2 576 6
1 443 179 294062927
1 275 679 626794926
1 11 973 122365323
2 330 9
1 732 139 831746592
2 150 1
1 871 531 225637484
2 634 4
2 490 2
1 535 807 347225518
1 857 92 995671371
1 604 280 653709961
2 121 10
2 341 5
2 214 9
2 770 5
2 387 8
2 499 5
2 751 1
1 985 59 536876575
2 430 1
2 426 3
2 497 3
1 950 119 552079558
1 394 156 411683238
2 155 1
2 937 9
1 137 50 944582234
1 54 958 426439051
2 53 8
1 227 525 137494463
2 523 4
1 149 417 16667518
2 969 4
1 889 208 747291430
1 261 799 230598884
1 180 254 803969032
2 917 1
2 478 9
2 59 0
2 371 9
2 780 0
1 616 280 535615120
2 475 8
1 513 983 42141430
2 391 2
2 475 1
2 479 6
1 117 802 884504004
2 1000 10
1 383 646 390543928
2 85 6
2 119 7
1 836 458 755156813
1 249 112 193001046
2 245 6
2 115 9
1 16 716 120114846
2 786 6
2 987 2
2 922 8
2 264 7
1 542 996 593360877
1 633 561 93361907
1 489 50 460399352
1 965 137 911619537
2 285 8
2 54 0
2 936 0
1 944 810 800811053
1 891 449 904420185
2 968 3
1 996 958 416676390
2 445 7
2 66 9
2 468 6
1 674 806 672586406
2 252 8
2 66 6
2 557 7
1 493 768 656342338
1 200 768 845219720
2 787 3
2 839 7
2 199 10
2 102 0
1 211 601 452164617
2 373 3
2 978 9
1 427 413 142031577
2 766 4
2 242 10
1 192 445 353542190
2 836 2
1 969 958 676060080
1 53 15 768406348
1 68 273 764103976
1 493 611 190554282
1 681 181 289045831
2 473 1
2 283 7
1 579 587 861960670
1 263 705 667867568
1 896 910 697255694
1 824 485 610374758
1 195 215 626082595
2 828 9
2 762 7
1 202 143 6529228
2 589 4
1 302 482 658472085
2 764 10
1 553 905 820457650
1 880 807 936520898
1 498 606 439370842
2 38 6
1 442 327 602501390
2 267 9
2 121 4
1 689 856 853846818
2 875 3
2 561 1
1 414 155 783527862
2 896 9
1 689 330 519328412
1 452 688 697504138
2 178 9
2 865 10
2 160 0
1 787 503 335334141
2 279 0
2 822 8
2 397 8
1 10 315 757330545
2 107 6
2 571 8
2 580 0
2 472 3
1 941 225 30466447
1 478 399 790949236
1 97 496 495632417
2 550 4
1 152 303 613691446
2 982 6
2 349 8
1 583 481 755689068
1 991 531 901648716
1 523 814 566756609
2 131 3
2 260 7
1 262 829 538078455
2 94 3
2 638 1
2 840 6
1 100 830 176086538
1 943 474 181335507
2 847 0
2 636 7
1 995 758 676634405
2 597 7
1 788 21 459406650
1 138 568 992670067
2 36 5
1 223 161 722786911
2 427 0
1 438 91 971689703
2 950 6
2 620 6
1 713 820 950959148
1 398 837 993422180
1 631 142 8800734
2 582 7
1 670 30 678922465
1 764 80 972372897
1 519 931 647927832
2 23 2
1 504 430 348050076
1 802 903 938130275
2 288 9
1 82 55 847259351
2 41 1
2 585 0
1 827 658 27132460
1 574 319 174116296
2 802 3
2 258 1
1 319 210 467367380
1 78 935 583844672
1 439 489 852382352
1 272 863 251035802
2 835 3
2 589 10
1 325 842 512333313
2 707 7
2 623 1
2 94 3
1 458 827 722713475
1 918 373 848905034
1 113 572 299611781
1 217 998 317767026
2 126 5
1 714 780 647675037
2 247 5
2 959 10
2 635 1
2 560 3
2 337 0
1 316 928 941911768
2 168 0
1 429 263 185243942
2 924 0
1 147 94 640482325
2 247 0
1 761 369 553619991
2 703 1
1 326 43 324332383
2 92 9
2 238 0
2 361 8
1 699 115 22980534
2 635 4
1 826 309 495960034
2 817 2
2 130 10
1 195 160 723440125
1 376 740 45647859
1 939 59 868827448
1 747 951 99233641
2 451 7
1 539 844 661443080
2 98 2
2 45 1
1 180 227 316886968
1 678 899 564248762
1 406 758 737766790
1 206 332 826821336
1 55 304 448039550
2 136 9
2 906 7
1 763 326 520649603
2 305 7
2 668 5
1 543 625 917067990
2 109 10
1 523 423 881099587
1 61 712 613607397
2 624 3
2 817 7
2 997 10
2 376 7
2 118 8
2 914 9
2 777 0
1 595 599 585795093
2 800 3
2 114 4
1 60 435 441141947
1 866 200 456091928
1 193 201 213861094
2 850 4
2 889 3
2 427 7
2 776 10
2 366 4
1 505 931 256891166
2 252 0
2 846 0
2 678 8
2 492 0
2 544 8
2 823 5
1 52 372 491150304
1 319 496 897414380
2 912 0
2 172 1
1 463 835 177590044
2 669 10
1 42 416 412697381
1 421 86 232930094
2 446 2
2 723 9
1 759 398 477388758
1 656 23 993315596
1 366 384 284947990
2 844 6
2 602 1
1 897 750 87793962
2 364 2
2 16 8
1 760 51 169872020
2 626 8
2 413 2
2 205 6
2 575 4
1 909 529 77705927
1 138 568 314656045
2 838 6
1 434 30 696568700
2 525 4
1 346 274 24154307
1 755 746 581007002
2 521 2
2 482 5
1 404 214 534050430
2 729 4
2 819 0
1 487 495 230047962
1 15 916 106540674
2 757 9
2 823 8
1 525 108 287670516
2 719 5
2 981 10
2 267 7
2 381 8
2 48 0
2 825 9
1 32 729 246440458
1 637 887 164280557
2 158 2
1 616 454 939724764
1 512 738 381535390
1 949 522 914512911
2 482 6
1 304 98 868373410
2 653 0
1 818 170 566629342
2 759 6
1 618 367 442023551
1 523 188 312901808
2 80 9
2 801 1
1 966 41 624971450
2 234 5
2 962 5
1 192 927 224854799
1 757 525 460491346
1 719 580 170237120
1 61 953 878343126
1 730 446 735538526
2 810 4
2 967 9
1 774 268 258123123
2 108 6
1 614 105 885247093
2 275 0
2 143 10
1 495 749 822621417
1 250 896 979393863
1 653 475 292647953
1 390 964 604513012
1 499 160 951752576
2 509 1
1 356 781 588658332
2 255 3
2 622 8
2 447 8
2 380 0
1 169 952 144739994
2 142 0
2 179 6
1 542 806 908218069
1 951 510 214471929
2 331 4
1 587 49 893705268
2 859 9
2 24 2
2 253 8
2 512 0
2 471 4
1 91 863 657421455
2 625 8
1 811 418 770991780
2 879 0
1 783 615 757841909
1 215 532 162509729
1 972 591 118231956
1 744 522 347981171
2 813 0
1 230 511 546019723
