2500
34730335834447
167043186552110879
15747397648754
1073713909
7606617815030
6403037038880
4395717419328669
308107139770944126
761540901
116319943292342730
877386054
387519736421361952
18486851501064
29204121769633
811067488947785764
147420182
509121253
557052390428289632
1952379130628
32996317904403
816817285
24467504986766
16067614034116
362327596182792093
22088112360801
70544689875549559
635735750264765712
24881378334635
32517622489807
952868851
166073447
749441740
12635068347689
27922647431403
21257933791585
684582468
33117796652504
72710431415644223
594819945517116646
778076335952448272
8328038092989
29553705114011
967984486
601839502852737813
30443277032303
28527291311281
824745684
564800128884
6537973913702
431798697630464811
6218393303422
27172099568530
7584
108157750921218586
28554237071971
746807789631062431
153449820
369721832
35145344407436
23106813980323
21053909690464
384261220
24636532278563
91903162968580870
886392184
9518754888223
34387619705728
128039284888556681
5855164034346
232186882
724475834
782454694252323702
58798568478187839
256579381
28274201636748
810809109299179263
767446224620545676
495086350110145778
11498250208235
302684413612813430
24214892798462
1516704414680
279200792776184167
946159698173227612
227315639
12228407830152
26711133920134
3817661982653
7192222702755
29756696895918
68940734
184151372
352806410
19936509216002
659558689508229120
1005147081
500367075464656350
349008617940014674
32666196068827
2446694026512
30424770326273
457985831
346867356485856852
400838577
18933306294681
18939652715143
318822815289250985
376669790
1051284557
575340177
816951504528444581
26794455540964
218486661708418970
744889561
31345649299104
24038
37424050677650649
33942943540518
28339954161592
555260931399926644
1305586907907
31748916614225
857383696
224203225493726907
814937165552485912
12365766380333
877590337917371409
16834844051364
16946329370525
500626228442307566
670753590
381739208
28895734318123
8404887395232
618677642001705635
18981869313847
251324086
20623
21513566018538
726631743
602011187907
998960081
744068834187422249
22024
704241269
13445989725557
14100493297749
5864117938265
7481284840798
1062059380
27265103076850
17267255555804
28619916901857
307244727568041268
30225863209610
1542689239767
34627709742701
31179653355464
88037967558105189
28095750786291
786786289627168630
22607597507934
130570498405690316
11120949103223208
7263870662266
19710567887955
234511149199331112
14029233458874
19724420042647
242801183
24250
323133720818185058
977827070896851291
766856955454420474
20032008267414
276389367666582042
88421214826300833
11420013031193
8141343382190
13670584438456
22844310552514
10080937815117
714060546751233121
17417340551297
116523258
179754954
19935
12804582230099
8303194051095
3426479355259
11240241098378
333729380772323384
301311151
22867771815482446
191784204589205345
801289839426960137
779977912499800042
634450564
661314520
4033471820434
12018118632458
29018177096445
716936952
11348996675355
33705384783388
355353119690672402
22144990467541
12809988995307
6659421817384
8332
276487478639
117047522378610019
797206799898537153
647316150938253301
745094949222374850
496038130
102082529460701030
25244531960788
947091349
25573
747662149748318224
557921373886476916
201471737451733053
30464165694724
26028169950164
49963976900741745
1036678039
16401412306719
130804812975153428
868053733
6821643440103
7470434808097
531658878391474642
327035726
691853784077301159
446660230891826371
483882167941812678
30685271622328
6508111753468
833250557
1009587404
29461333957242187
33261511249314
638492173
534950373
129531841567310204
34843849370569
151428696293079311
9978050008874
991340482
1494033080592
882647265
4615482347137
23357
11834057731527
393488673
19291116255752
339076190811556941
27131566331572
104523508184183216
187754582294506735
587698121834283956
6969671659854
646459628087039181
483139367
29212652846325
894902442641927102
1769348362598
1062979529
367012115483158497
241801980
497372630065755782
107211264
966928894134536783
12795526356652
531331550823194393
958596513174962791
149708660
870450784
25281688075417
242872008581205899
1864493734110
927042895344590941
32751266642586
527523722155391409
35777774458602929
820094660
11953738549335
29131
5631793033471
21970583858873
458715019074315711
22044010905886
994247006
7240987641211638
74656499057286794
478804282
12978312813952
390772026659606519
19187002952384
637774899500934237
1410224527691
9843074665666
9479548013644
33239913899199
25713401837207
10118829082465
80350909
92383145830243104
139378723
10078529327945277
201299494272968598
43284292239352623
10050159020118
32038
462832639585744776
14287727396421
20588376101762
420636128739562209
28344695068248
326808780
960018565310380985
285627579076188267
132078101843480950
23182169720363
373168572417507600
7913720084307
24117504434887
176750036740084626
312311370
6509033695572
26690987677184
23073928235566
28300506474354
796769115
18205518392287259
113118530087488422
641953330
58347307442395450
845240548818438494
949332466574322255
1361729837833
2212656211730
5225798033748
21157773227675
407613799
848842489798809891
3153077295889
29533543941541
588362083
28142330923297
6797582469887
15847156314169
339734222352246412
21737072868288847
20466754031476
8047600810133
654433068
13177314143769
743045674909995277
386850796641698958
977196387735483490
454460115
817693304096319226
562155341
661263671950406176
5669370625330
14042092230931
486314269988864497
16012983398246
13653550865571
131312146828998217
33119336261617
980689310215531844
32603963978065
16408093226578078
314464109341903680
21575440577860
23467789482586
813576237433561591
22711766215705199
90805600995
25664421279571
11005648364853
501546106123899922
521584162244049344
14121686007422
1056622520
857575876441732260
32148055754430
91763737079848469
968509581205
106172082649455890
893790790328487023
15966649039706
14081527472202
8355005399500
17611420692499
9489
846612860
12629378207480
722088014896943615
806601748220190505
919852430
18024943818527
12049621593839
690336208708425240
24413152625465
311979508
470487477
26888398604059
1002390436
18765147767867
24435765744669
24568039997444
21902350375594
306577184119762279
10795641021978
31757117996583
347717247
2617992639004
13548442393051
921373261
17322260434077
961296518
28499098197642
21754024531789
14824860064768
16700381678666
177088547122846532
6176812443285
26093350647750
6067374445926
570592966209880415
4582226478367
99370057
175193186
230539461
34825725
9333676587326
839096350
66460997498898553
29864451106968
21118698482567740
7409507792329
1058748118
555658270
918553628828319081
23611837045710
22350718546507
220495759277702306
13131355894211
124700836
7701
200412599204948376
8793728062463
514789644679064536
374108676
12036462470735
20814174585442229
178897932916701307
57642759
999265971834918827
17960809324775
731270482
2202703346532
27410647047469
794915332165972671
822708836
7588098752993
28440213533891
8004511121724
7274969043516
916915039
3524018176549
5890716625835
27365445667928
8347020342937
28962967009942
981642140847015811
252588394
594666868
26992090006079
11698251715018
23780403390426
782373370984484682
27229578750802
33576722179308
647029971
726134721
487566931009535159
8782537737406478
634542577680453951
34431072594377
728603295
1958011052736
343901160299881631
27392692330427
9764715733071
420884876
268823382407455319
310567197388884398
4024
33536060783952
554429366298532482
930426795
10559314698683
12940655273548
180180074
761812925864291814
34055209008078
9934589428179
10825731069989
376482801
387305313763368489
8996830782662683
109252578003473350
3113382774695
771792837
239457159
4689146403322
600368439667753004
483294368
345121272706466237
500305266265393751
961833612928538197
717250496260125624
16487181687910
266934784
18911547496870
74038911
27058322352758
923685925
667730358
33337787250492
23214861763627
502100350210242645
889403890181
28099775062742
708178170874549594
95498399057083019
16681785825206
518127672
25708001754566
343482448428507823
720259941648504920
16475040097937
81375060013467634
319964140
3657814115129
316080661583577955
4278802381688
30249832404489
29568138366142
351852534
663215059989812751
55390075
24243448148269
587543537140309439
902713274
929012613752786892
6666604895605
401360686122
10886616856958
439583414
3035414447009
14412055304961
17662273011284
258596797993531352
24433693311159
802454921
15899756401210
17235883216914
337
51970384845717653
15759061025758
124894553836147897
551995190392767079
12334468635571
364214637450552034
3881927567444
32707595857361
32622838024391
367380240
423101215892475647
919419589972252423
3961734097146
21882291589533
34201817320808
155987795
34911020298960
10095336302621
11538747663618
17773528169208
24595239312418
3423154021433
15158967666207
9710593538019
1101754804416
145269874482006341
603608745706990260
19108306808720
25308841151922
30861269586503
734511772
33836328844810
5254287167774
120102753072824219
31425208896930
405920715122418201
717527453479651117
68158632341113221
352676707750748396
16564
16001203471224
11407833944701
23517256780829
16177989755668
5244237066588640
15612750735050
25308650678753886
359532079
45496720
11103794623148
524820919
368285638
843577829
13927
14788058273777
20585045946162
338975031638410053
21938930937030
9313429413572
3240298610433217
14980
32846569349799
847299008
10821084
681168134
867783945809906971
178825951224948740
22483226865
992727577
773448724
21555185002131
2449098927381
589931409
32495515087297
11482706721776
948774074
962516606853
482234697
503068914480676328
31047266635360
147889885297725757
35860061229203549
516512723
29306
15654284270036
329911639214022389
1434829621800
667816354
3394582578386
75328770
35021052916324
28969808226283
11662179423404
8873903210177
429830977655925082
988339950276848875
4400580060052
926819977
21238194483282
794066731
216434216
15585
19527724497787
7610554778245
19634
7975459997447
14580498198901
278658000365
16349208554160
563203739518777623
589205335
307942025
372977559
21397474972426
202453374423986837
4748143695011
403452667572206002
1010614041
5737187363564
20388293333474
14345077261237
9674638785628
21913017170898
251483033741444284
831138642917908301
70175044
446375370886385445
17239575793408
568210363915475041
34154772372560
5078640990666
234569272716
7623
14763938658460
346505005
12292691470663
823897745
902086494809927338
24082811282786
999875
600252183474516517
18775666
724577507
707802757
5736274173198
15739917638494
788283408685336936
894152487
264479969017881812
113943352
18551308972744
26494928194850
456192140
33601737247287130
391265260
961146931847161314
31333911203147
470699723
538168409888424003
22624308483808
32441920088723
12937872115289
81301425322575234
24003147016082
24530231581986
127719333
786984652537930418
545954009506
535125506248
23569540329220
662563263
21368233100242
746130794
488262512
5154611300688
29219221244902
51356652
99136021
22512923399875
26911116255589
80201582632110417
757775473
365614817
17297247640539333
458617254142898054
4621076132414
10413277301251
884303852109291683
75681497836758043
10297120782464
11651586731363
967950348
296309560808890929
14724931372212
19425001723695
108527437
35645218
24217
21531158443421
731944672977387844
596861409
20712387758917
275253910
907754880144192391
588630338
26126238318129625
119915551715815376
6557170274943
10798975327760
705525980910940461
958441863940039250
972404096334684006
811634610
1880272753587
2584231601469
5344407894912
27667662479249
5005745120161
236162746
7485170479967
523009889
83146241629190457
839736810
11274021994381
19166114810468
4396023564183
861498185101615017
4755727938361
32421700000498
950852630
248810834
430334692
842146754
10391068
132127038410027670
9072357523979
817500409309318732
16431185011901
32470065045846
136568532
298655949
672188054
184082993
9059634178154
109413938311996470
950285045212387076
567092753170533461
12600758291734
957442658
31563
33081403626848
857354457889747835
151500660371466056
22348852524278
614750944670140508
111952288875846927
31675751286633
285825052
94364976542789976
51675754
154627267655383161
548163570968987545
490372193788993232
18604585035840
114079863
963654080072115619
578686952
18709361648269
20401982352143
537791735
8450117117157
16543847425864
14981892313599
22991903204617
26108253989095
383416702
34803708253469
563799357920723684
434733566
12760976979100
10524676531077
21315
60329722643848716
880330205629088899
6833360164404
5764284042706
4816774659625
660505698425938204
136605378512553436
12780606032071
31866970559557
11804646467458
4246694820178
27854476232974
679086228
34051552304478
29170387783758
585766398581798631
275942989
30212414547499
967037025
134475154
115307377
602056771
6600537549732
614372116950282153
946566330
11276340491027
8875189203368
1494705137994
222690787574510594
4748559464123
840816783
590127792
19659321791609
28742634775434
503040560
780879322
573157478
2946275699784
29928461536606
31009904730385
384513268896054309
5446679462774
523597339
1022951464
18940
9022166535277
140626406
5032773968282
1064676807042
801631872
654693900
806311112944453953
9554396951265
922363656
233816640388906305
255764385698278576
30369928060228
897106924208608302
6712
28178317127848
11352091266638
32440448093585
30063996518782
9219098058746
17511718029244
32946501299207
82909673640304441
312721487357187056
504061187
19014593761974
30679001491523
30521
29777499503028
757671156
565183259
11585084800318
741148989517
720776714166929064
276465513
13958565602751
542178232
63265619929864134
23649696992472
219804827572174801
502286857500265143
257452557673322529
13873418117727
23000
68495482332901472
6031978282277
136543535134111630
149809400936576559
287069806
118863066017891321
55440655317
7297331319418
870605893435981344
11350355358576
31832
33528051013519
272373710309863368
694714460035586160
4152106854545
139964489764168668
85963868954037048
355942817
20433868349561
137753007687107391
624178479987
772486721448540675
988384040520033848
14521795300404
964766745
4301401656274
19078977824418
24074292660538
119
894615987809765057
4708852020765
187003350
22066482894678
158686617
700080404
1418126070041
339646058940075490
24098242462517
11383413733100
456690427304551087
159939603
4269814803153
639686890363148008
132646261885318564
330543264117430562
15086002263415
180334021636056780
259315187
141066577563470813
26454810057596
15845155529659
8774732729226
15368564798829
367669956970735251
388629566008801711
652961422672076786
32157757727847
392887702
671408431
292428762101087049
2360335981087
102148959556621923
30869277647568
19012861791008
646252868
654782256890353192
54640803182452406
16400250767685
301515439
16480661534853
682191831847
153510436007278536
20479065674549
24066
680520570
117823432749971527
29909507622048828
122066653775288776
25811910491587
26130985849653
15941004023000
548505636
20275040918813
224650810
33839218916816
436445693
23576900640523
3015711711991
916319889560324691
26281320860407
775999625
6893429405127
254634889095102338
2287996859756
33458150087376
19635391464815
32401419401533
33540866823260
22681443042415
13395863
4164077432380
721837322
23248101800459
45002792398714091
115493559902021272
591542508049754249
28572693201373
256263060119722838
7631630460218
583781398131714599
18011668079445
185426169
108153706901003173
20067884287774
22720
887960869117275521
932334314
733325549269221334
548584869
577947956461025434
50766006225642925
3617164024911
9405214381542
10639406843592
66269622187463490
32002970759330
569165499999049947
331242541418872133
82501682865741857
601012454559183555
72640299373599028
3295493022398
134899473015410887
22726
4787639647551
73200423
9062
8210623244527
763175105580786544
34716843835740
691948479146416059
24619871218805
23948
680460671678254394
13415510418372
4611366143877
915818194
12775
1149058227631
773474569
605230091824269289
22423375481640
26599707828501
34097870596410
1022318102
3941099214013
16228810
899209562101509074
28905760341745
962883155
33817224549355
5021745934787
924336315559408836
65701420
820451681
16923018005218
18882743556380604
871094813290207722
716351006890548122
1022658239
27730661393138
12004
861051542
14223306571963
19910194489984
31164736973731
772525112
360431006
492401
8231443546887
22608
102348560556851940
32793968324318
32923605274398
34158581575171808
29806804218415
635802718
28155746108746
24097214736605
957826413935229103
5067
12980283431678
3695358516890
31729038311551
846639725400357416
29104537366279105
148015124
20604666568204
39546163467042079
562286888
25256890
29410192755876399
9438289770874
25631925086856
624589977
17469
33371886396814
28842333557956
21165959323505
27494667798106
1052072616
843373753
398367375146
11869054499796
16691944187934
446153001673527752
26511274625183
755246178
12704224243588
29844309167011
1000966084
770489251840938738
16923874449424
189
341645634
2825173071742
605396654112235313
352621686399609872
539415340
407137739
31731958135885
72264804001964276
293315440
26728107936207
27130317491111
31905187321451
862481149906665838
23112170130560
12598861615654
27299381250593
634678271466982761
950580103986570649
22460199887154
296400229823490289
118889193
270227965
17453797134693
29018141299138
335043915
867119021437103906
10392090335923
751972903
40417960612207825
13596287029693
24859476588471
19716255281830
5918174835072
991790479355655983
309186801
422715901
524551275969571879
5997341669750075
154618961762525140
25772429919182
24092731734076
713907574194598706
21774731688283
5987619446148
279971483207092975
417493999
210310797
462773610172812113
20369082208224
20469607940578
206109861870794164
6451453843995
935158834731076340
118051815
4968
975634228462818098
994628275798
19126755184039
32809503335380
469843764861230572
610663586255465426
167614955
783538563
21085267361881
538700059136329660
612899014
899293221
16652858374222
1064636449
23871670341026
864019239
2078178221110
254459476007791008
27600098963708
466017331
810930703642876451
181916407854834891
30704328832262
28805325644757
366242072
24174100695933
18128783960761
18270416726900
17527799521628
10692367185981
826743156198016705
23210566604341
231718222014543954
4980
8152513088358
343094105521854143
984133923823
33444653376478
1184116509570
27025273433831
388260545
10569626248757
443048957696213599
367400570
90019503
2141240886028
14448786281811
21381493988449
93538070180484775
18282
372821707783571290
599944397278006393
13730086424764
351327109089
1023368678371
1053976404
17966467766579
520203465621212749
6826
29103629099405
78065445
3173352392019
231574003668688923
4832331431337226
24408936605589
767585821259442075
337161054
23933315240178
29111801297463
1034530147
31369549398222
52578377095930784
26067231797561005
185257166399519929
930805469386
15080620321296
54907957
454146348925989277
34736728678604
51339052394657692
197162759284345471
450460926691946776
84254624018751773
11848643479822
90044950
87135286910931756
8246797902523
822320821368159560
25391738268161
618277045
12850196416007
383755843
12809069778998
15052526914807
641041932
14594408503441
129352727
22365946187426
27091156294889
12070265420874
638028627336856632
97589857306223756
27197896184033
21918918936059
770461733785162127
417260986
418200947
22405146260296
239238293544754431
366548985845505914
456034015820147888
746573074
31337350013118
689777345981260982
14515707364803
7773534765024
676070737
588927156135805919
3999532062562
27391806239598
647857272150667729
377807859
32947201116915
155186440467020929
13379265703182
180980443886349463
901747154
3866850823053
16412259840782
31220458088023629
155351347
12301696013197
780040276
2656479599204
13424703013848
451877287
5197138768794
344477159
265823623455962326
14737597657885
87492599
562773573
11352520042075062
27037871003363
99646338671249041
25784190085474
240730954
181781424348804528
936045019673752026
13925
7507
842767201
3694593678321
444191511
987831392
7335884076190
11510684670513987
165143319
33869824019262
26490002196642
780329281720284609
6349515412850
24431085177489
6548842964413
31515733044723
284189268461748559
861563544292265909
16321753889186
6317099914893
656722343
604559658182651672
713231507
349661120
26578789404962
21433
37585896375596354
31025969311401
568151532079357116
483154010
20059870735646
483411688
18638337415934
36108138
19045444406882
28449435846859
758906723105103562
20474044281639
850529034
25852469169461
30276858825254
23904908726170
461529982463
691064975
881774177
112990492
215909534733404325
15953916826959
676464352
789772750
4746004454402
95581971752058952
619726294966135873
6201
16839450242874
32703620360549
7547462114247
767610588
1826207025938
6764774745378
250244675
514696685425980651
1721848576786
918797128836493651
960601562
135252935
985514195
17949376887566
8263751787334
22518253615353
538645693
971301158
170766962
13279368631157
16693854716961
15582
585491686
17743109510369
15214087691738
26452753
988428365
18890784902898
413979799392568043
26121217536427
32548468319694
798271264729473472
944980339
65921684419441946
19913278519623
22409769983227
65694786425005618
12608453907931
68088678786002754
764031832540008876
16457638492578
672879361763298663
323961702675062311
536182515
476941757
33972088374561780
757046261453538612
30032514285874
200825753709027989
212329006
14314
1241463027883
655044979972576219
29926718115932
2901135461970
117435526
13962420421447
759168887
30121283471968
116144650891473084
173880567705286062
26356371156573
575945447
19286083443857
841285039
597904492155149263
14622607340873
21800635393877
1490819770424
991202077
931467202855293696
20696941577879
3172642742362
30029508060221
19725
472134166
5949872681111
17432646379088
19540
26177772907849
33924155011247
244503492
549085636769224524
12697271314649
3875966135949
170269012
540079532383344694
28201397086355
17890395987477
126841922426120271
12835773279327
841258856
139689764777009663
815846866807334372
420208881
3244311633389540
23842908
18023950904237
519612004034064679
80573822170209324
185269143
4867753831535
968797088895529456
550149130430859905
109135925025023787
10030912839894
20477
98576108403734858
628453853100517325
12242014861735
216563865513922363
762495967423954772
25900
24163095971828
203980684064688910
689458394
62550304579307243
15733625071817
883155887113243873
660814070
24275124475757
603536148
507699038583284155
644029498720865740
20630471661640
56548200606322729
11688872944260
41975877
2261933847856
10536303488787
715904874908
34841524356657
22511618170484
154925150271769273
182194473
16646457645974
10632409446585
576599134622680984
26682022400242
19615437657851
12348834521862
483636052947504488
21272666209935
527377091
20749014250822859
34174819632492
813909330070229852
455068907444858828
1785138898468
24275006287298
898539540
770580658462581497
922866024
8677466574606
24560345176276
22678524369323
22588337493256
29473636848353
396555148
247083145605267676
6504
27660219981690
22346849034417
692879726943509333
30067967580631
951638541968782848
28694
19899092074585
12507952240573
670033244608633641
29340926355669
795614425077345401
542320157793435012
16540079693307
78811715865584858
869295265
110065656746328837
1058640540
920573141420175
18318083951724
690234863
455133510225477350
11442108776777
24526890213804
34913211606900
17640092881140
357187293662575023
34680500739022
1950229141006
70235469
840287253438971878
34459010385230
11836427604958
24538046301559
62038134038671098
11081262524442
9916146872037
88162936
6479057324550
161204981661874958
320388219240406955
32814306413495
235926184
92695345525097314
106219920444922554
6397404422760
1998629799280
88109294267
20900415430375
745967154
655808700
26057922829775
753266785
23900156819475
27937763811439
20729807387632
813504735
27357870226967
264114285727001412
399044930698594053
18606716985254
946813257
213124357336934230
741967050
32690239833186811
157843975449
995954178527967506
31234324030134
505158829017176068
32924516929234
8596180396490
598319168921437507
645299006372650235
16494775218571
28395033746018
19494437443158
4260776802288
34877976050148
30650065185306
9645484606798
14970687803814
22890339778175
198825506807352832
14642909448443
23529179470397
15016507654778
671563168448684084
19152891287143
32156950053644
2496216581416
883223199464
230649561057360236
34632625518837
183861404
915839157
8077932808405
16543
2991055543374
1173837692177
10189704689348
20198347318224
22611
904298724854731051
2471043223390
41661868782731965
254775997
115656664968759554
770492149247606030
209678229961335940
28296170416425
749616343297
97818881296790069
26336936489633
123682133130496271
34605003530042
12413
1038250207
422138289422356505
11250
374462052
14098133716627
20790238685510
371203218
10599935257404
9976525077623
983631003314820301
120893145
31659817591204
504581761
27847
14288237538489416
11553558833418
793218616
17259762363949
8030838825980
360200439260694923
15397858834613
11547667582644
863422534
737041539
53208467252331656
5985312292284
1559702752871
7962764568606
8810617633664
461277677
920250095
21804000970602
501395552860626551
31162564718409
1372755224503
50903685921756702
6952752314825
11992234288964
339416904681658260
702818946249523684
948675260050572466
24670702828599
34165998478127
31265686187430
5913611023513
268387007
502037908
108401398682510281
607921409
720041503347198803
13840638106572963
6203660187055
24610663209951
120474553
904028713465441437
18906323805125
15203418088164083
31637677906584
1045683263
950471007
191696016211041829
32177
495243070
142659515
15047230162444
155982670322860288
959443543313183001
3430085188973
59906113850881356
9378
638271621
538267655
21850946864285
8674437426410
12497572952266
116209040749966095
144669938874
6691289262955342
10159
6930714712347
13742
31935535571853
26745510297685
17205841408257
896162627
341234250
20190731498286
407715833107213729
361083094720409987
23075492194801
15771551593874
514990178
14629919644305
523898625274550084
497415558718271712
24612333548089
20502609100812
20604
510588021
663106335
28368050302038
25374818665247
706492058
179031156795715930
18658895753043
26778
29601452792454
82717508
27211237652809
23894117991126
16442608347564
112783005
211815268330956800
618972261
1036805800
88952877753383920
26406542485588
5100011230231
975247675
26489609511919
317014152
12365995784687
99394555542041861
226219214763467216
32425750535359
520237705
815607882556641898
286982374
25426470199105
28471031357733
498827056681207397
9510853976329
239885896556862212
83038743983661343
3761782714590
691293889182501462
3079990566760
129560106451
534273329471819292
430217200
253214916744948625
21223
343788970627585196
31850686870753
132541816
33077093302475
17836039896804
8976181295582
601099383397512012
48406920
71132718952381350
527750764
34951793920416
91815711805854116
107737602
923529185
668950439
471744660815181203
601579543533036274
842612198127880950
23320935030852
34744386681197
954299459971667053
725960658085362930
398263389879610311
693609641571704464
1058451972
25246645419236
783584944
1307868565279
446617472989474439
31897273995203
582479997
9287256056353
31815458551451
367308903255223037
284615167067076832
9673820155711
68962217560707227
453476021470235385
462821553
146356528947359036
4303784939416
18574287587166
58860989853596191
152821402256
25275
855581290
33587912372145
283615993
24705
5404448365467
6808458685256
22204052447335
455585010959509373
19906307950763
26137112143859
30734446231971
21866293209728
20836552581550
164827280321554459
754568078
125635796407882431
21197409851202
536171352
8211115542688
10946755443116
187415633954555270
325457426843843825
570311113
611826286968333604
1060418988
143539726015217929
25270
13163758603365
10301587554020
295311952964682982
32616173310967
30006529484982
662380063
602066718784201402
63814401295554392
294402893
33848714469209
9511847169954
32360281136788
111698452206617411
31323095144372
34035752066978
22089856795092
1047955644
810823850500538347
231067678981762419
31331011523755
797960799
36804151824322465
344196782
340319750268326118
5938550321645
10558050286507
18118277473261
67542495998526477
135278827520935513
820733619323351813
831133900
250687035978843724
29179712835478068
5577965288789
1913173731616
14751427086225
231763596
27120355294397
4884543429403
15005858272953
27894736489709
933030237576876472
11715926305441
21357375674025
267325861292603930
82573927
843158654
329643444728766725
973523123574631424
753911365245
32914534614345
284836534636685493
5728882215109
23427072310823
8165912884952
627733640277936055
227482997
300063823
18627123413238
27207165248232
31398159161137
29564372772029
24972894861314
565665058
222330102
20390135055382
24629
876066257
526361911
29827366512750
701882272264079599
499280365795815693
11054332895810
22145241948942
569319074739288161
842787729
19763503721568
10725560958257
26205339575003087
289776138
252009080
24705892159532
17753648788605
264682041212371013
60019818416838312
676991581
425859774493071239
417125014
976109689892723099
27295269485961
531864538
1761983663195
953358586449098171
644295045
463661414
355607586552185855
497828725
598620499385987993
18710157590444851
3500372478353
17278267127175
726015902
877842065459077741
655585192
20988852535607
779904770659310108
28748941611795
23910282988518
283637803398334539
758373185
25217734114559
117531770
11554103545322
904189999209561350
8597085430145
21088
446790691795170292
2398437187033
89462426881375800
14055121587209
10394452024283
522953048
971327257594
695613042489855174
29152051165941
14476
106867086170843006
22333598394796
1153908742007
30147161898825
12257026709597
59572254818
400717097056218006
10732335780702
200807214743973666
357418428888875582
64878701
232651796
4209196439476
22707
30548100453338
847400013
208755426
34753949925911
3626178649490
16276301505153
273230948
31034915769683167
762968098497965907
804292058688636746
389950606
32043575548741
5514941446179
23489349106024
306287459930008100
1056310790
20597
256965679998382689
58459822664982033
73874028372748492
714662981618263486
788068609200258310
129021443
21502330020823
30136241407376
685268016
234615909
594802029
25432562480990
883533664544711311
801102532
848105862507457808
910503153376383855
311626218302222758
29505139716959
803049418449766518
71865472004655793
202646041815305390
862328878188418745
16817852629347
5474603667140
897696279315643814
168997685885666201
15632
11859936822245
31998123299219
153668168899530820
7936553495341
25278315880826
29813031700478
14737999680408
34120133533267
783996372248321657
15160367232640
31739
4609140748229
22363513733505
5652496172316
53246927850568216
21838319859413
7922988231397
12050338972102
853219023143902539
14349642406133
23609
670240706
1815995201137
4751741160754
24804470995943
33731986359430
11992443716461
9743411063188
258865396764154257
24663371139861
26602550050235
977569043109370127
10028862
358868242607881119
23228721821607
137452740891114229
592458501763234034
27338103426873
5613428375389
5128662734267
1324314259384
296714327413390605
26212780773763
23378056078525
566561298828615130
11408252079200
284423007239741877
257496157794847245
11582303397377
146055749431728057
98842925
945933239202194453
712248322
207039749
834798835737605896
7550132160094
528128113
565035161
978311398
587400525
197935336536488393
434304693
26189577693795
622325125938525858
158627680
18595587162392
590152826719952290
19241384258128
18508907149116
28754344660136
207048812276345538
328096930293628634
23364
9261289361639
190753559
25269858586561
28369726372896
590464707422731356
7212658919338
965006925972613104
955641426
235518833
311039817247306944
1025038646
973370602
2069877458559
19658013431725
157084141438013444
796246732884301524
29420916964881
336629515929439199
522736151
34430990377675
19354182092464
23819409852905
104968331368713976
25845593575130
786918916256687341
73407954245658736
14317862394746
27309805958927
18771212780925
771271240
503913264568437361
513612720871826422
929853711425417689
30722531615112
770521799668108473
14243424390790
6096189369862
17948561472898
23319
7903834697319
940568753
29147361647791
91279475964711053
14396053352766
34824307932152
973602634
21877091204793
10939418334175
1513210472689
104147977
22320966734363
7013032016783
788343143
943805643836
20875940802508513
826939019382495407
606675430407371152
18366772072890
377892186
921016924543085375
13612337409587
16278357445668
862745081
847852396
21073185603465
13930445953605
416862544562334759
19953977928119
26437753703524
341694529
117836808667644008
31132621939628
13166659529316
21522310578055444
14604320387564
11047180092888
77658341228371218
546944797
16176798385999
941466991674049598
999457888
931228839223036908
522248076
513367101
33592426920255
10429
13254179403412
12574470532189051
24554425524931
200896060
781423576617336250
808470141
25722197557898
816952862622186538
26594518188109
8917706243975
18303751586581
30081050366933
971845469503308115
830300531527189539
5588609869738482
239995086
10650399614007
20343244766633
19043113157105
558843605
5482280325283
766086682735747810
309678178151
3636903423921
381702158
608571398
302588697178807078
649128279
8143797743735
58744255260064115
22512442
25908395672546
11061145625425
7883963623031
279940473
27116104740880
1018428152
9441910561699
236185644
2064834116537
667795433024852661
10782555392372
537261540107865982
10708949175513
966596907803718020
552230531842539821
563519836829177461
742717353198718465
522433596915150362
561630512191455823
642487134
912802021
643346668222735685
397026527011751325
17375751985944
24471262679728
24305738137682
988520587673318033
188793282378557416
927391638
29558
11947026171490
31831827131829
865072854
30103526707837
4475012565957
34845473715098
23438
32951318
423990594
553386074458193035
116067747416751667
1002936517
14414
166311011422934078
1351265589294
48973538956510547
325902161
5878007280021
97909837797885380
31337422193195
21273885538552
406343371
608948001
29758662528286
9898006867196
1109686487932
624470123347842386
1772416719890
744413136023112423
79393705
25074972791453
7510940968650
400464636105229227
4158749435768
9655
413060055905519550
615972231175642378
2924125148436
1774887270049
7080669441050
1066910732
589329765
740415495
21275719622653
3136616406807
1024229807
3006063682831
1804798702407
338314419
6975682823262
124555019588709609
969746725
538105598259094355
17072809246742
179512880
737567723
766342492085822936
851150454030218351
706648587
28160541170353
127073217468103714
18507
521840154
257374913738573823
120163921679732954
124600624
555521811274808747
24505328839278
16131639693907
884270098658931550
321214202531858092
32741816743585
685556424989742283
93331736411376964
13971458465938
34972066333505
1070060065
365126263919430569
6065323659861
961420209101866850
8139243730144
10582547628337127
727947142
24904922563525
30346113189636
32457529583395
2855870444171
484910631697878035
25883743770078
3188769636282
267524239572126044
10408738302408
120746759832272660
23619504771581
856576008
5553687975307
949052676
499322159
829611215346528283
21400275224259
595310032125128963
332999713
25794125250677
26609692340564
29811688910947
983250096596515482
1642924436196
916267448
10322125946611
877968578
87445965
531632438
985266260
27178004937721
32362505742869
16363209232752
13983367485545
34786000
1235275310059157
168537096
25957736802253
33960016870313
911906174
23178649681333
62927625421573096
12667976210253
898105041213819898
772624130255749026
851925223
733455055840912312
648833842353830539
25261410171796
23443292226952
374698552
653769378570566223
14996057263212
11958474823468
875620781685345164
930952850
945261490674
31681597608330
7516359807733
1244531929884
23276827996569
843919420770679158
217770668140869099
726144236
340519332
10101180410702
9771951277827264
2009
141374222592165881
6213465183484
85125949977048896
70813890329816516
574241209180792387
26135319106100
339722159604228148
16419653716507
12302512936469
14934995265169
25236887388367
325916524
670446435249737991
432716541396457099
21048958254619
14536370742220
22570111574346
626925695182256140
91675963514169174
365034909
723468705
124503
13647855285349
9446230292926
18524284692301
193935102
93927530277096291
807283060126826069
781052223346852821
