200
801137555 844564817 970717964 831716232 264474246 77559782 383151256 258100320 36450941 239787178 650289944 466473301 19572021 201278011 670487314 139223068 20753694 894787977 994603520 216446721 476127707 907397723 659497681 91704675 761504966 796711880 598078054 384529462 890819433 24644799 740877333 478267007 758416901 468190336 473321002 487254491 663655439 400425760 300844641 136945400 895543470 417208841 427056749 999498266 377907007 907949176 539717748 273537944 817602513 734359549 804928400 804446300 249615273 338543871 847843408 837632615 674711999 690192181 15205173 12104011 799142719 220464686 550693686 119892654 719740937 480245194 199776828 630422222 300614449 121079486 653438375 792022263 905627520 822101780 52730055 793807887 822080497 465478312 217267043 914084619 482861109 405486509 122928694 803155319 306313520 60115238 251576173 47980018 817862009 858259821 632196906 575549615 758389214 690093744 90192900 633669621 695528926 974961519 999354244 315326624 326680621 11517695 209820330 807751838 211393331 609194506 510947942 111554930 416467341 780264204 753777696 779423925 369166987 271041240 66316848 608964752 992220848 817650449 55511142 649386052 530412597 724250801 701102212 457946274 175086470 387050629 678461119 6667923 159443908 436237231 37082178 206835089 282586945 12079139 423347626 379151403 568193031 544074027 100879243 825488517 983489618 429027 515619561 198909654 218594065 156910526 142340032 81312745 42772073 41059071 907707261 105311645 762286642 248257344 863242627 726777701 66325624 949192174 950246311 762877640 195679739 32111819 88585908 432894945 245855407 42276971 62973672 238092768 46942269 855243447 879838325 50277768 587456640 32371566 553435136 38619055 310038025 425901215 394936101 690332097 803965596 770945328 771852530 416072253 853007280 1066330 223183464 838832951 912376051 256393514 77216509 36852436 277866692 393868546 613828892 584435153 831026359 42384406 582055587 579691516
154 101
1 118
183 108
186 129
136 7
102 87
190 86
66 82
162 81
161 22
84 80
6 198
127 26
168 34
34 59
11 80
132 73
139 166
175 58
106 69
124 98
131 199
125 82
75 134
16 184
42 49
187 147
30 155
144 90
173 15
117 16
59 199
164 88
121 85
33 47
91 175
179 116
95 104
5 2
79 114
86 26
14 94
7 44
176 150
67 118
28 196
77 128
57 193
143 53
69 51
71 161
101 77
7 49
111 121
195 66
12 152
115 6
73 54
73 23
41 19
34 171
47 32
152 75
122 86
64 113
3 165
129 119
15 74
1 188
54 57
68 101
93 121
160 196
52 60
174 156
40 135
67 142
182 157
84 43
81 89
14 180
5 49
197 166
97 170
17 126
6 38
167 47
68 35
118 112
9 175
175 87
83 119
147 61
135 117
2 115
38 150
39 152
59 60
109 192
93 78
159 99
33 87
104 82
130 41
146 156
92 173
1 45
170 55
123 127
127 120
131 148
96 23
110 139
60 126
82 123
57 99
174 102
163 41
10 29
155 137
159 147
76 14
66 56
16 11
135 116
166 36
50 67
145 177
154 133
46 183
114 34
41 72
85 63
31 123
108 82
156 97
178 100
27 196
128 18
153 93
36 173
3 122
134 8
168 138
173 70
38 118
191 167
196 119
22 154
81 173
124 37
57 71
4 16
139 151
33 166
192 88
194 120
148 160
24 73
149 168
25 141
25 10
8 54
181 185
146 41
129 38
85 197
189 26
194 20
46 21
10 31
100 98
107 109
187 182
158 94
162 169
25 65
178 101
154 163
177 115
200 71
90 141
64 61
100 140
193 180
130 13
192 24
48 170
126 103
138 116
76 185
105 194
132 165
4 172
51 33
18 53
72 155
108 177
154 62
3
