200 416 100
56 0.4
84 4.7
100 4.0
38 8.5
78 0.3
50 3.4
71 5.7
24 1.3
73 0.8
70 4.6
71 8.9
97 4.9
83 4.0
80 7.6
68 5.3
39 5.1
85 0.5
42 8.7
99 0.7
40 6.5
65 3.3
100 1.7
82 1.8
98 4.3
70 2.7
47 5.2
77 3.9
69 1.1
89 1.1
100 4.3
63 8.7
80 9.6
81 9.5
94 9.0
93 3.3
72 0.8
64 3.8
64 7.8
40 9.4
98 8.0
28 1.8
51 6.3
41 3.3
79 6.1
80 1.2
96 3.0
55 6.4
72 7.1
87 8.0
96 8.8
37 6.9
77 0.4
26 5.5
84 3.7
23 0.9
30 9.7
79 3.9
58 8.1
35 5.7
65 4.5
77 0.7
70 0.4
60 2.1
76 8.1
42 1.7
27 10.0
81 8.8
27 0.8
79 2.3
68 5.5
24 6.4
48 8.5
90 9.8
93 9.3
87 2.5
70 7.6
36 6.2
35 7.1
89 7.1
55 5.0
22 1.6
77 3.6
90 9.3
78 3.8
48 8.4
90 3.4
35 3.5
49 4.6
64 5.5
67 7.9
22 7.7
85 2.9
89 4.3
88 7.5
71 0.5
41 1.2
78 3.8
77 9.3
47 1.2
94 7.7
