8900 641 2000
50 1.6
85 5.1
94 4.7
48 9.6
61 8.6
52 2.9
58 6.5
27 6.7
53 7.1
69 1.2
37 3.0
54 1.0
55 6.3
75 2.4
73 1.5
25 3.0
56 3.7
54 2.3
40 6.6
24 8.6
34 2.5
39 7.1
67 4.3
65 8.7
90 6.5
30 0.2
98 0.9
63 9.2
46 8.4
57 0.3
53 7.7
23 1.3
33 6.2
57 9.6
78 1.8
60 3.3
55 3.0
77 2.9
27 1.9
83 1.9
68 3.8
37 7.4
93 0.3
21 4.9
76 7.5
60 2.7
97 9.6
36 4.5
96 4.4
50 2.0
82 6.6
83 0.6
70 9.8
70 3.6
62 9.8
91 5.5
33 2.3
51 3.0
21 4.6
51 8.9
81 8.9
56 5.4
28 2.3
92 3.2
25 4.8
43 9.9
57 6.2
53 10.0
49 9.2
99 2.8
61 2.3
93 6.8
100 6.8
91 2.4
87 6.0
73 4.7
27 4.8
32 4.7
81 4.5
54 6.1
67 5.3
22 8.8
50 5.0
49 3.8
72 3.9
97 4.0
79 7.7
92 0.5
48 3.4
72 6.2
63 5.6
43 8.1
66 3.3
74 6.6
92 9.0
21 9.0
54 5.1
30 9.3
76 5.9
23 6.9
84 2.8
99 1.0
98 8.2
85 8.9
42 9.6
45 0.1
87 3.6
32 8.0
55 9.4
40 7.5
68 2.4
90 5.8
47 5.1
86 7.1
37 1.0
46 6.7
54 1.6
71 7.7
25 10.0
66 2.2
76 4.2
37 4.9
24 8.8
68 5.6
38 4.1
47 4.0
97 5.3
34 7.7
89 7.4
27 3.3
39 1.1
64 3.4
60 1.9
79 8.4
94 3.0
26 8.0
48 7.8
52 6.7
23 9.2
56 4.9
85 4.9
68 2.7
39 2.2
99 4.0
54 5.5
64 3.8
78 6.2
60 9.9
44 2.1
43 7.2
66 1.1
31 1.7
83 1.9
70 6.6
43 1.4
97 2.7
52 6.0
92 0.4
76 1.3
52 1.2
39 4.3
64 10.0
32 4.8
52 1.6
58 6.9
60 8.5
27 2.2
64 6.3
51 9.9
46 0.9
86 1.2
87 8.2
63 7.6
44 4.3
77 5.1
52 3.8
47 0.3
33 8.2
69 4.7
96 6.7
95 7.4
84 6.9
71 7.9
24 2.6
50 6.1
74 1.2
41 3.2
40 3.4
25 6.5
25 1.3
79 9.6
98 3.6
70 1.1
30 10.0
79 2.4
42 6.0
99 0.9
85 7.2
55 4.0
46 8.8
84 6.7
62 4.1
84 0.8
84 3.0
35 6.0
73 8.8
44 5.0
23 0.5
85 6.1
92 2.1
83 3.3
99 3.0
37 1.5
47 4.1
85 10.0
23 1.0
62 8.9
55 1.3
37 6.3
67 4.1
53 5.7
83 4.3
100 5.2
56 1.7
53 5.6
73 6.5
64 1.7
30 3.6
64 9.5
54 2.9
33 9.3
82 2.7
40 1.6
73 9.8
88 1.2
28 6.8
66 1.4
43 5.4
62 8.2
24 2.2
85 1.7
41 10.0
55 1.0
35 6.8
41 1.5
42 8.5
97 9.2
26 5.4
61 4.8
35 1.8
71 5.7
48 3.7
90 5.7
42 9.8
71 5.7
68 4.6
35 7.9
43 5.0
53 3.2
30 4.0
94 0.6
48 6.5
80 1.1
57 7.9
74 0.3
74 4.4
26 8.7
79 10.0
84 7.4
100 5.5
33 3.5
87 9.2
65 8.8
99 8.8
21 9.4
48 9.2
57 6.4
42 2.3
32 0.1
51 7.0
92 1.1
59 0.2
42 8.4
34 3.5
34 1.7
98 0.6
23 1.2
56 4.0
84 0.7
48 3.8
49 9.6
78 9.1
30 4.9
90 1.5
91 5.2
41 6.8
37 1.4
78 6.7
89 1.7
98 5.0
33 0.2
91 3.3
39 2.3
26 4.6
66 1.2
24 7.7
33 2.7
64 3.2
57 8.2
37 0.1
79 9.4
55 9.3
57 7.2
32 6.5
29 4.3
95 7.6
40 0.9
69 1.9
89 4.2
44 4.2
50 9.4
57 3.3
77 6.4
69 3.5
52 5.3
61 3.9
66 9.7
40 4.1
45 5.6
39 7.7
86 1.1
44 7.1
39 8.3
41 5.2
23 8.3
73 3.8
63 5.5
75 8.6
88 7.5
29 4.7
32 1.1
39 9.0
45 6.8
96 8.4
40 5.2
36 3.3
53 5.7
80 2.1
43 3.3
30 1.7
21 9.9
74 1.9
39 1.5
60 6.8
22 1.5
78 4.2
42 7.4
23 1.9
99 5.3
82 7.2
69 6.2
92 1.4
87 0.6
57 3.9
89 3.1
77 0.3
26 8.0
82 4.8
57 0.6
52 6.0
40 2.9
66 1.9
72 1.9
80 8.9
76 4.0
92 2.9
64 9.9
95 5.4
73 7.2
22 6.2
80 1.3
79 0.1
70 5.7
49 6.3
22 7.4
66 9.7
29 5.2
40 0.7
59 9.2
56 6.6
70 5.3
56 5.9
24 9.1
70 3.8
21 6.0
58 5.5
27 8.1
27 0.3
31 10.0
84 8.0
65 8.0
93 6.6
83 0.6
83 5.7
48 9.9
51 1.8
100 5.7
61 3.9
93 8.2
95 0.4
68 6.2
48 1.0
47 9.9
91 0.1
30 1.7
51 9.1
65 9.8
22 0.4
22 0.4
72 5.0
26 1.3
23 1.4
34 5.3
29 2.6
83 2.7
67 3.9
78 6.0
68 4.6
41 9.5
55 9.1
39 5.7
52 6.4
46 1.6
38 9.9
32 4.7
83 9.3
91 6.8
24 2.5
64 8.6
40 5.0
30 9.8
98 8.3
39 2.4
71 0.7
99 6.4
43 6.8
32 0.6
24 4.5
98 3.8
60 9.3
25 2.6
67 1.8
43 6.6
44 2.2
69 3.6
88 2.0
38 7.8
37 2.7
67 1.4
46 6.4
95 6.0
30 3.2
73 9.0
60 5.4
58 8.0
65 7.7
41 1.9
92 8.4
32 7.0
89 8.1
94 2.3
87 2.2
38 6.8
29 1.5
84 8.0
99 1.5
92 0.7
91 8.2
69 7.4
90 9.1
69 7.3
86 9.5
84 9.5
22 7.9
71 0.9
22 7.5
32 0.7
22 1.6
25 7.8
35 4.1
58 5.9
53 8.4
96 8.8
77 1.8
94 6.1
40 3.1
99 6.1
53 4.3
46 1.2
76 1.4
42 7.3
39 8.2
99 8.7
39 4.2
61 3.7
72 5.1
84 7.9
84 2.3
62 5.3
93 4.4
71 9.6
72 2.4
25 0.4
31 6.8
23 1.6
31 2.9
90 1.9
37 8.1
39 10.0
38 1.2
35 8.5
54 4.3
62 5.5
88 0.9
50 1.4
22 6.4
86 5.9
24 9.8
28 7.4
62 6.7
80 4.3
99 9.0
71 6.9
85 5.2
84 2.2
76 1.9
61 7.7
31 6.5
98 9.2
75 4.5
66 5.0
84 8.4
72 7.3
52 5.8
36 5.9
84 9.1
87 1.7
50 8.8
22 0.4
32 7.5
70 7.0
44 3.1
82 8.3
28 2.0
26 8.5
93 6.4
62 0.1
33 1.0
50 9.7
66 8.5
44 5.9
90 4.2
39 5.3
87 4.4
91 7.5
59 3.5
78 9.9
73 9.1
23 8.4
49 5.8
46 1.7
63 2.2
98 7.3
41 5.3
44 3.1
54 3.7
30 8.9
52 7.2
59 5.3
53 0.3
48 9.4
47 1.7
39 0.1
48 2.1
39 7.9
72 8.4
82 6.1
27 0.2
98 3.5
56 2.3
88 1.3
78 4.7
43 7.9
77 8.7
77 0.9
65 3.5
92 3.6
52 0.5
47 1.0
89 1.7
30 7.9
51 5.4
26 7.8
58 1.5
94 2.1
41 3.1
59 2.1
39 2.7
36 7.3
86 4.1
66 0.2
37 4.1
47 4.3
65 9.0
45 9.8
76 5.5
41 0.8
78 7.4
58 1.7
30 9.8
64 2.8
56 9.1
82 7.0
73 6.3
26 2.6
61 4.4
48 0.2
79 4.6
85 1.9
95 5.9
59 7.7
42 8.5
25 0.7
61 0.3
80 2.0
90 1.5
92 1.8
99 2.0
48 1.7
72 2.0
100 1.2
35 5.5
91 6.8
96 10.0
82 3.3
86 0.3
44 9.5
98 3.3
80 2.9
42 5.1
44 1.4
24 5.5
47 1.7
22 3.2
95 5.7
84 3.9
90 1.4
21 8.4
67 4.8
32 8.3
22 1.7
80 1.6
40 4.2
30 0.3
51 4.0
42 8.0
26 1.7
50 3.5
65 1.4
93 4.8
45 2.2
74 3.5
53 3.4
86 9.4
58 7.9
26 9.9
73 6.8
53 9.2
94 4.7
21 7.7
89 2.3
57 0.3
70 3.7
27 9.8
71 6.3
39 8.6
48 8.6
82 0.3
33 8.3
36 10.0
30 8.8
92 8.0
32 4.7
78 2.6
98 7.6
90 1.0
92 7.4
59 8.5
24 6.7
87 1.4
91 8.1
79 6.8
100 6.1
68 1.2
62 9.0
50 6.6
74 9.0
42 8.3
41 7.9
86 1.5
32 3.6
92 3.5
23 0.1
77 4.3
25 9.5
81 7.9
22 5.2
53 1.7
44 9.6
62 1.0
75 9.7
46 0.9
89 8.9
42 9.4
27 5.3
22 5.9
40 7.3
39 6.4
71 2.9
36 4.3
94 9.2
52 1.6
25 2.0
54 5.8
47 8.3
97 1.9
75 5.9
76 10.0
21 7.9
58 2.3
26 2.2
87 5.7
34 7.1
99 8.2
94 9.6
76 0.7
60 2.3
85 7.5
48 9.7
32 1.7
44 5.0
36 3.9
53 4.6
89 5.7
21 4.2
89 0.8
98 0.2
21 1.2
92 5.3
36 5.2
92 5.2
76 0.4
36 4.0
56 3.1
63 5.5
33 2.2
57 6.6
63 4.8
62 4.2
91 5.3
46 5.0
91 1.4
90 7.6
58 2.7
58 8.1
91 1.5
55 6.5
49 5.8
23 8.3
40 8.7
72 3.3
41 0.1
32 3.7
37 9.7
65 4.5
64 1.1
99 6.4
57 3.0
35 8.8
49 0.7
23 5.9
99 8.6
38 1.4
64 4.2
68 8.2
67 7.1
21 3.4
54 8.7
82 0.9
51 1.6
90 6.6
46 0.7
72 3.3
96 7.5
73 4.7
21 5.9
82 2.6
54 5.7
81 9.4
88 8.3
24 5.8
46 4.1
42 2.4
87 1.0
88 6.8
36 1.1
70 3.3
50 6.6
59 9.5
32 9.3
49 2.7
96 9.0
98 6.2
25 10.0
52 1.1
64 5.8
30 1.8
78 7.7
55 3.2
92 0.6
95 3.9
81 6.5
87 8.5
68 6.7
44 8.0
47 5.3
76 6.6
95 1.2
21 8.6
76 5.8
44 8.9
69 9.6
33 5.9
63 8.9
84 5.4
37 0.9
75 8.4
28 3.6
47 7.6
67 3.9
54 0.3
39 5.4
52 6.4
94 3.4
46 5.5
31 5.5
57 6.3
79 7.6
23 6.8
97 1.2
100 4.8
65 5.7
87 0.5
37 6.2
83 7.4
69 6.4
86 7.0
21 1.8
61 8.7
24 7.1
54 6.8
26 9.0
78 8.5
44 3.2
39 2.1
71 0.8
22 3.6
97 8.9
36 4.6
24 5.3
74 6.3
73 7.5
100 7.7
43 9.6
54 6.6
74 3.6
93 5.9
36 3.8
78 1.7
53 4.7
86 8.2
75 6.5
32 0.6
69 4.4
72 8.5
62 9.9
45 3.7
55 5.6
24 0.8
31 6.4
88 9.2
49 4.5
57 0.4
31 5.2
95 3.9
89 5.6
53 0.4
72 9.8
23 0.7
94 6.5
32 4.3
58 6.6
88 0.9
47 4.2
71 3.6
29 2.6
86 2.5
89 1.6
87 1.7
58 5.9
76 4.4
32 4.5
37 3.1
62 5.0
68 5.5
60 9.4
80 7.8
78 9.4
42 0.1
56 2.2
22 2.2
34 1.2
77 8.5
31 6.8
88 5.2
79 6.6
31 3.7
57 5.3
23 9.3
84 8.7
32 2.8
33 7.7
65 8.8
22 0.3
49 5.3
68 3.4
22 1.9
83 7.8
38 6.0
48 2.2
54 9.9
53 5.5
37 3.9
77 7.0
38 1.2
49 0.6
43 6.9
95 6.1
83 0.9
28 8.8
82 1.7
42 6.9
24 6.6
85 0.7
51 9.8
91 10.0
63 9.2
96 8.3
77 8.5
62 3.7
79 9.8
68 2.6
96 8.5
23 9.2
78 1.9
70 2.1
95 6.1
75 7.0
27 9.3
69 0.9
63 1.3
44 2.6
42 10.0
80 8.5
42 2.4
35 4.7
28 4.9
46 9.6
53 4.8
90 2.2
75 3.1
36 4.9
33 6.4
81 2.9
75 1.9
99 1.9
48 8.4
51 2.5
80 3.3
32 7.3
48 1.8
77 4.5
52 5.4
85 9.1
41 9.1
28 10.0
32 10.0
52 9.8
64 2.1
28 9.2
21 5.1
34 0.2
89 5.3
29 2.4
37 3.9
57 3.6
36 4.5
87 2.6
45 9.0
83 1.1
54 1.5
62 8.0
68 1.8
82 6.9
24 4.2
21 5.7
80 8.5
91 4.4
52 2.5
73 5.2
96 0.6
94 3.7
96 9.4
98 3.9
29 2.2
54 8.4
32 8.2
36 1.7
70 1.8
84 3.9
55 5.0
64 7.0
38 0.7
42 6.4
69 7.2
53 3.9
47 6.0
81 1.9
62 7.2
40 8.2
71 0.6
50 6.4
21 1.9
47 6.4
92 7.1
91 6.4
44 8.1
53 3.4
44 9.1
96 0.2
61 2.7
97 1.5
88 6.8
30 9.8
75 9.7
58 0.7
42 8.5
77 3.1
95 1.9
53 8.2
34 8.7
56 7.4
26 8.6
24 9.8
54 0.3
99 2.8
54 8.8
29 1.6
100 3.3
30 6.9
22 0.2
35 1.5
23 9.5
98 9.3
31 3.6
22 2.7
41 1.6
85 7.7
100 3.1
65 6.7
70 9.3
90 3.8
98 1.8
87 7.4
52 10.0
87 0.3
98 3.4
71 6.1
60 5.5
32 8.3
36 8.9
25 6.1
25 4.6
43 5.7
34 9.4
85 9.4
62 0.5
69 5.3
33 4.4
47 2.8
81 5.2
42 4.7
82 5.6
78 4.9
83 7.9
76 6.3
100 6.3
64 4.6
66 0.4
27 7.5
61 7.0
47 8.7
44 6.9
68 2.1
43 5.6
22 1.3
87 1.1
53 2.6
59 4.1
30 3.8
72 6.7
61 1.8
81 0.5
79 4.5
87 5.6
55 6.8
80 6.5
48 0.2
77 0.6
79 2.0
98 0.8
59 7.1
59 3.7
34 4.0
23 7.9
33 3.5
49 0.7
95 6.3
22 2.5
28 2.5
100 0.9
60 4.9
55 0.1
86 4.9
30 2.3
46 4.9
36 2.0
65 4.2
69 3.1
55 6.5
31 7.4
91 0.1
87 8.0
83 3.7
75 0.1
42 5.0
41 0.7
48 1.1
100 1.2
51 9.0
55 2.0
32 3.7
40 7.3
38 6.8
40 3.2
24 5.7
49 4.3
23 4.8
62 5.1
45 0.6
95 7.2
31 9.1
94 3.4
25 1.8
71 5.0
52 3.6
32 8.4
57 3.9
80 1.5
76 9.3
56 1.8
83 4.5
27 1.8
26 3.8
57 7.9
39 6.5
45 4.1
80 1.6
49 1.2
72 1.6
54 7.6
93 5.2
49 9.0
95 3.7
70 5.6
53 6.4
51 0.6
50 3.5
64 4.3
33 8.7
40 0.9
77 3.2
74 7.6
50 9.8
22 0.3
27 2.4
38 7.0
74 5.3
76 0.5
78 3.9
34 7.2
98 2.8
44 5.3
62 1.2
81 8.0
31 6.0
29 7.5
49 5.5
37 1.0
59 0.9
54 0.8
42 3.8
79 2.1
33 0.7
54 8.2
53 7.9
98 0.1
37 3.3
60 5.5
90 3.5
70 0.2
65 7.7
84 0.2
41 0.5
55 3.8
81 2.3
34 6.7
27 3.2
62 3.7
62 3.2
46 6.5
24 1.8
99 4.6
32 2.9
50 4.5
22 4.1
86 9.6
78 0.6
74 0.2
93 8.3
36 2.1
26 1.8
97 5.9
49 5.6
95 3.8
70 9.8
85 8.7
31 4.4
56 7.5
21 7.0
53 9.6
61 4.3
92 6.4
66 6.8
73 7.9
46 1.4
73 8.2
60 7.0
63 0.2
89 3.6
33 5.6
23 2.8
87 6.8
70 7.1
97 1.8
40 0.7
32 2.3
89 3.0
36 2.2
82 3.7
42 2.2
92 5.0
48 0.9
47 6.0
81 5.3
46 7.5
39 4.0
23 9.4
96 2.1
94 4.0
54 7.1
57 9.7
38 7.6
62 6.9
93 10.0
77 3.6
67 1.1
63 7.2
25 5.6
25 6.7
62 0.9
55 5.2
99 5.1
67 2.3
43 4.4
91 1.8
28 9.3
62 9.6
47 4.6
92 0.2
23 4.3
57 4.1
41 1.7
66 8.4
99 3.7
50 7.5
87 0.4
86 2.4
29 6.7
50 8.9
63 2.6
87 10.0
63 0.8
56 6.1
42 6.3
49 4.8
55 0.7
84 7.9
65 9.8
83 1.8
67 3.4
32 6.7
82 1.3
27 2.3
29 7.7
83 2.2
98 4.4
63 0.5
73 0.2
61 5.4
92 9.5
38 0.5
82 6.6
37 3.0
42 10.0
54 3.4
75 9.1
59 2.9
58 4.9
82 5.8
45 8.5
92 0.2
58 6.7
36 8.1
74 2.7
30 3.5
32 5.1
81 4.3
63 0.6
90 2.3
86 6.1
35 1.7
54 1.7
76 4.7
35 6.5
50 1.5
90 1.0
61 5.8
58 5.0
61 0.2
32 9.9
97 6.7
24 7.8
35 1.3
25 2.7
76 4.2
35 0.5
38 7.9
41 8.3
43 1.2
36 5.2
47 5.7
84 8.3
27 7.5
99 3.7
66 6.7
98 9.7
90 1.4
76 6.1
75 3.9
60 4.3
40 1.8
91 4.7
31 5.8
21 2.7
95 1.2
93 4.0
25 2.1
92 5.2
88 8.6
67 6.3
99 0.4
48 6.5
93 4.3
40 2.6
51 2.4
86 8.2
87 3.9
28 9.1
97 1.9
84 5.0
67 3.9
83 10.0
92 2.4
85 7.6
74 7.8
58 5.2
82 6.5
85 1.1
47 2.1
99 3.6
49 4.7
89 8.8
57 3.9
60 3.0
39 5.4
26 1.5
46 8.8
49 4.0
35 5.8
22 3.0
34 8.7
50 1.4
54 3.1
40 0.6
70 1.6
38 9.6
73 6.2
38 1.6
85 0.8
51 4.4
92 8.0
70 5.2
57 5.2
41 0.8
32 9.1
87 0.3
71 0.4
70 5.2
90 0.8
87 8.6
53 0.1
49 4.7
41 0.2
53 3.7
45 8.5
71 0.6
50 4.4
64 5.4
63 2.8
35 9.0
22 6.8
49 9.7
28 6.8
31 5.6
60 2.9
30 5.2
68 4.7
93 7.0
29 7.4
75 3.7
24 6.3
74 7.5
63 1.5
44 7.7
41 1.5
93 1.3
99 1.1
67 2.9
39 7.2
50 0.5
34 5.4
95 6.6
40 2.8
54 8.6
29 6.5
36 1.3
88 8.2
64 9.9
75 9.3
71 4.3
65 1.2
43 4.1
31 1.8
42 3.0
58 5.9
54 6.7
33 6.8
58 5.8
71 1.9
64 5.5
27 3.5
90 7.8
38 3.9
88 1.7
70 10.0
72 3.6
65 2.0
40 7.8
65 6.4
24 4.5
95 2.5
93 0.1
40 8.5
39 1.8
39 9.8
21 7.5
89 2.3
61 5.9
51 8.0
79 5.6
64 8.9
82 0.6
68 4.2
84 6.8
43 10.0
48 3.2
55 1.7
25 5.2
68 4.3
25 0.4
79 4.2
68 8.3
35 4.2
76 9.8
41 0.1
100 3.2
33 3.6
80 6.6
35 8.2
24 9.2
43 5.4
56 6.4
60 3.3
74 5.7
92 0.8
29 3.6
22 3.2
36 5.7
81 8.5
91 4.9
57 5.2
96 5.0
67 4.6
74 9.3
27 4.5
32 7.2
60 3.1
56 2.9
47 2.3
29 4.0
40 7.3
92 9.7
34 4.9
81 1.1
40 1.9
47 8.1
46 3.4
61 0.4
53 4.9
94 2.8
38 4.0
48 6.8
86 1.1
42 2.7
91 8.9
46 1.4
38 5.7
38 3.6
59 7.7
47 0.1
42 8.9
31 7.7
90 10.0
34 7.7
74 0.3
42 7.8
80 7.6
98 7.9
27 5.3
74 7.3
82 8.3
88 8.3
85 0.6
40 6.6
57 0.1
21 2.1
51 1.5
36 3.5
88 5.3
21 4.3
90 9.2
80 1.0
100 6.2
53 4.3
27 9.0
39 9.8
48 1.1
85 3.8
60 9.0
56 6.2
83 0.6
100 0.3
29 9.4
42 6.5
74 4.8
73 6.2
96 2.5
82 5.9
63 1.1
33 3.9
65 3.3
51 4.3
70 2.9
90 6.1
37 1.0
70 6.6
50 8.1
65 1.9
94 0.1
96 9.3
61 9.3
48 8.4
44 4.0
24 2.2
28 3.7
83 8.2
38 7.0
47 6.7
49 4.4
44 2.2
46 8.9
93 8.2
45 1.5
24 8.1
40 8.7
69 5.8
34 4.6
92 5.0
82 10.0
70 6.1
72 5.5
92 2.8
77 6.5
35 4.0
100 1.6
97 7.8
72 8.0
82 7.9
94 9.9
90 3.8
57 7.8
61 1.4
38 1.7
74 8.8
75 9.5
90 0.2
48 8.1
38 7.2
72 5.6
84 4.9
75 5.5
40 8.0
59 6.2
21 8.9
77 2.5
64 8.0
93 7.8
76 2.8
93 6.9
71 1.6
83 4.2
62 3.4
64 3.4
64 4.8
67 6.3
94 9.2
41 2.5
34 6.3
65 3.8
78 0.9
51 8.8
73 3.5
89 6.8
24 8.1
34 1.3
46 3.9
43 8.4
67 1.1
87 3.4
81 2.7
22 7.8
28 8.3
43 3.9
46 5.5
26 4.1
50 10.0
89 8.4
89 7.0
66 0.4
44 7.0
74 1.6
89 5.5
89 9.0
54 5.0
96 0.3
84 2.2
56 7.1
77 5.0
22 6.3
87 6.9
72 2.8
78 8.7
42 0.9
91 9.2
37 1.9
99 0.4
83 9.4
96 4.8
70 5.7
78 3.5
90 6.3
74 8.4
41 9.0
98 3.4
53 1.4
56 1.2
51 8.4
92 5.9
94 6.3
65 4.5
96 2.4
58 0.6
63 1.4
87 9.2
31 0.8
61 1.0
84 3.9
62 0.3
87 5.6
93 9.2
31 6.1
59 7.6
87 2.0
44 6.9
48 4.5
82 1.5
89 0.5
98 1.5
78 9.6
52 4.9
54 9.2
30 8.6
26 5.7
60 0.7
61 7.1
51 9.3
64 2.4
86 4.3
100 7.4
76 3.3
43 5.9
60 2.4
21 2.6
61 8.2
84 1.1
24 7.3
98 8.6
40 3.7
44 4.4
90 6.6
64 1.0
28 2.1
78 7.5
96 8.6
46 1.0
36 3.3
72 0.6
82 3.6
52 2.5
96 7.3
94 8.1
84 0.3
77 9.0
90 0.2
40 3.1
100 8.5
35 2.6
66 7.3
55 3.7
91 6.5
78 1.9
35 1.5
67 9.4
80 5.2
99 1.9
97 6.8
99 8.2
39 7.1
21 3.6
46 8.1
93 4.8
42 1.1
68 4.9
33 6.2
32 8.6
41 2.9
64 1.8
54 8.7
54 2.7
69 1.3
75 0.1
25 6.1
64 3.9
62 9.5
78 7.8
42 4.2
58 2.8
36 2.9
96 8.5
22 1.5
24 4.7
44 1.8
70 5.2
98 2.3
78 1.4
72 9.8
48 4.0
68 6.1
93 2.8
52 8.3
31 9.8
75 1.6
47 0.3
49 6.4
44 1.7
35 7.0
22 10.0
81 5.9
36 9.0
40 6.0
37 6.5
39 2.6
84 8.2
79 8.9
24 8.0
35 3.4
98 0.6
92 9.5
27 1.1
51 7.9
76 0.3
57 8.3
71 7.3
100 6.9
21 2.9
98 10.0
87 9.2
84 5.6
85 4.9
58 8.1
71 7.3
82 3.3
56 3.6
64 4.0
63 8.8
22 7.6
32 8.0
62 2.1
36 4.9
98 5.4
38 9.4
35 0.8
81 0.6
90 8.5
28 4.1
72 8.9
25 4.2
73 5.6
37 5.1
67 7.2
74 7.2
27 9.8
69 5.9
89 6.7
75 5.9
35 0.9
57 3.4
43 1.4
46 2.3
23 4.7
48 3.3
91 7.5
55 6.8
90 6.8
49 3.9
47 7.8
78 0.4
55 2.3
97 2.9
83 1.7
84 8.8
78 1.8
85 2.7
100 1.1
28 5.9
99 1.9
35 7.7
76 1.9
64 8.7
25 2.1
55 1.6
53 0.9
26 2.6
25 7.3
26 5.7
57 8.1
94 7.3
42 5.5
83 7.5
47 5.7
87 3.1
56 1.4
35 0.1
50 1.4
91 8.6
55 5.9
58 2.1
81 7.9
47 8.1
100 0.5
81 8.3
87 8.5
35 9.9
26 8.1
51 0.9
74 7.4
60 5.8
43 8.6
92 1.2
25 6.4
72 0.4
82 1.4
93 2.5
75 6.7
47 1.4
48 1.8
82 2.7
78 6.6
48 0.8
96 4.7
24 8.4
78 4.8
40 6.2
50 2.7
84 9.1
78 9.3
81 2.9
56 0.6
74 2.1
82 1.7
28 7.1
47 4.8
86 8.4
81 7.8
97 8.9
45 9.5
73 8.5
60 2.8
57 6.3
79 6.9
47 9.6
32 3.3
86 0.4
53 4.5
30 3.1
98 3.5
86 0.1
39 7.2
68 2.4
